1711606905634 17415.672985430792 0
1711606905635 17069.53150972172 0
1711606905636 16730.273237137084 0
1711606905637 16397.763048902758 0
1711606905638 16071.86729818152 0
1711606905639 15752.445113105521 0
1711606905639 15439.38047722269 0
1711606905640 15132.546081621213 0
1711606905641 14831.795236501364 0
1711606905641 14537.033359175026 0
1711606905642 14248.134938042 0
1711606905643 13964.938419376183 0
1711606905644 13687.384738194249 0
1711606905644 13415.37575942656 0
1711606905645 13148.738906171631 0
1711606905646 12887.435459760727 0
1711606905647 12631.297112256703 0
1711606905649 12380.264829047093 0
1711606905650 12134.239498495926 0
1711606905651 11893.089514379519 0
1711606905652 11656.695475146329 0
1711606905653 11425.036724026726 0
1711606905654 11197.957955856955 0
1711606905655 10975.426262803281 0
1711606905656 10757.27668329051 0
1711606905657 10543.507018898588 0
1711606905658 10333.945544440172 0
1711606905659 10128.572489543687 0
1711606905660 9927.280188645955 0
1711606905661 9729.987647701504 0
1711606905662 9536.63061155848 0
1711606905663 9347.078790237452 0
1711606905664 9161.291236976333 0
1711606905665 8979.22521276219 0
1711606905666 8800.779786979225 0
1711606905667 8625.875438363337 0
1711606905668 8454.426545192187 0
1711606905669 8286.419470515544 0
1711606905670 8121.72607773895 0
1711606905671 7960.323465291705 0
1711606905672 7802.106308619344 0
1711606905673 7647.0629194906915 0
1711606905675 7495.08184819988 0
1711606905676 7346.136537101818 0
1711606905677 7200.126440374576 0
1711606905678 7057.040503007113 0
1711606905679 6916.7944234923725 0
1711606905680 6779.32044295891 0
1711606905681 6644.601482777867 0
1711606905682 6512.548314035087 0
1711606905684 6383.123998505926 0
1711606905685 6256.2600196040485 0
1711606905686 6131.929441527459 0
1711606905687 6010.070560089323 0
1711606905688 5890.62060979313 0
1711606905689 5773.560549797868 0
1711606905690 5658.827230697182 0
1711606905691 5546.358912300839 0
1711606905692 5436.141805490748 0
1711606905694 5328.104302946528 0
1711606905695 5222.2224019051655 0
1711606905696 5118.438453191908 0
1711606905697 5016.726019309518 0
1711606905698 4917.01915372103 0
1711606905699 4819.307132105476 0
1711606905700 4723.535831176814 0
1711606905701 4629.658433675494 0
1711606905702 4537.658955813821 0
1711606905703 4447.478551694555 0
1711606905704 4359.095124932625 0
1711606905705 4272.4727695119755 0
1711606905706 4187.5582887013215 0
1711606905707 4104.343080367876 0
1711606905707 4022.779563509116 0
1711606905708 3942.829484839445 0
1711606905709 3864.478987597258 0
1711606905710 3787.678985780176 0
1711606905710 3712.4120756552456 0
1711606905711 3638.6303263097257 0
1711606905712 3566.323391000733 0
1711606905713 3495.452949253444 0
1711606905714 3425.9929449549 0
1711606905714 3357.9035427273366 0
1711606905715 3291.1758241244333 0
1711606905716 3225.7708689394044 0
1711606905717 3161.669956333386 0
1711606905718 3098.8425382312976 0
1711606905719 3037.256200919074 0
1711606905720 2976.901457838658 0
1711606905721 2917.7467627794304 0
1711606905722 2859.763594669409 0
1711606905723 2802.9372518156433 0
1711606905724 2747.232594853797 0
1711606905725 2692.640310601304 0
1711606905726 2639.1338120320497 0
1711606905727 2586.685535460507 0
1711606905728 2535.286221589401 0
1711606905729 2484.9067312235306 0
1711606905730 2435.5230315045715 0
1711606905732 2387.1266323667583 0
