1711606909513 17417.416130593276 0
1711606909514 17072.06517066271 0
1711606909515 16733.689571041847 0
1711606909516 16402.024461794488 0
1711606909517 16076.759612439964 0
1711606909518 15759.231282509054 0
1711606909518 15446.862464025837 0
1711606909519 15142.130120779346 0
1711606909520 14842.749937248997 0
1711606909521 14550.024045610748 0
1711606909521 14261.06556842952 0
1711606909522 13983.006436816584 0
1711606909523 13706.942046909508 0
1711606909523 13434.685544081289 0
1711606909524 13169.366235669817 0
1711606909525 12907.765576351354 0
1711606909526 12651.38822110195 0
1711606909526 12400.09067514027 0
1711606909527 12154.70962803928 0
1711606909528 11914.91414584399 0
1711606909529 11678.273611802013 0
1711606909530 11446.804215301658 0
1711606909530 11219.77124428883 0
1711606909531 11009.2550943967 0
1711606909532 10790.826843417972 0
1711606909533 10576.869390184287 0
1711606909533 10368.41930253093 0
1711606909534 10162.555179313169 0
1711606909535 9965.316241485245 0
1711606909535 9767.878165582166 0
1711606909536 9573.895501625291 0
1711606909537 9384.156553737366 0
1711606909538 9198.657159176182 0
1711606909538 9016.364589772631 0
1711606909539 8837.346253913945 0
1711606909540 8662.17232159665 0
1711606909541 8490.204104279224 0
1711606909541 8322.126796368688 0
1711606909542 8156.932358100614 0
1711606909543 7995.185199827942 0
1711606909543 7836.623466549301 0
1711606909544 7681.548800593009 0
1711606909545 7529.2000790264465 0
1711606909546 7379.647073794242 0
1711606909546 7235.368645333853 0
1711606909547 7091.690532913303 0
1711606909548 6951.369939748595 0
1711606909548 6813.387164749186 0
1711606909549 6678.136158166142 0
1711606909550 6545.630993535654 0
1711606909551 6416.855755380502 0
1711606909551 6289.47457846041 0
1711606909552 6164.894198512769 0
1711606909553 6042.623668939057 0
1711606909554 5922.603516854103 0
1711606909554 5805.170739845789 0
1711606909555 5689.991733545743 0
1711606909556 5576.968478001399 0
1711606909556 5466.329207374862 0
1711606909557 5358.2287806976055 0
1711606909558 5251.979983445627 0
1711606909559 5148.054565470432 0
1711606909559 5046.17167179894 0
1711606909560 4945.914632926267 0
1711606909561 4847.672334489508 0
1711606909562 4751.975393655909 0
1711606909562 4657.6366605249605 0
1711606909563 4565.291184137999 0
1711606909564 4474.9220989141495 0
1711606909564 4386.123143201392 0
1711606909565 4298.966503216447 0
1711606909566 4213.581714275036 0
1711606909567 4129.931307873261 0
1711606909567 4047.906992057023 0
1711606909568 3967.495870672498 0
1711606909569 3888.8112906889655 0
1711606909570 3811.5679375226 0
1711606909570 3735.9681659443277 0
1711606909571 3661.8263177494327 0
1711606909572 3589.2216846498154 0
1711606909573 3518.0948461842336 0
1711606909573 3448.267453460749 0
1711606909574 3379.7832882579696 0
1711606909575 3312.7022367788063 0
1711606909576 3247.594936431547 0
1711606909576 3183.1246707807 0
1711606909577 3120.0424597513993 0
1711606909578 3058.350230532532 0
1711606909579 2997.6728608512963 0
1711606909579 2938.2310133870424 0
1711606909580 2880.543472675716 0
1711606909581 2823.352120204627 0
1711606909582 2767.315964821484 0
1711606909582 2712.4634576473677 0
1711606909583 2658.6358939429533 0
1711606909584 2605.9873815300293 0
1711606909585 2554.331145120867 0
1711606909586 2503.605716801251 0
1711606909586 2454.170557250932 0
1711606909587 2405.496669876585 0
