1711607041561 14398.01977001966 0
1711607041562 11668.42694862092 0
1711607041563 9507.439851239693 0
1711607041564 7708.577209902185 0
1711607041565 6263.676233563751 0
1711607041566 5103.631936873251 0
1711607041567 4137.789096498142 0
1711607041567 3352.8883084484937 0
1711607041568 2718.8054961203993 0
1711607041569 2203.8406131230063 0
1711607041570 1785.859122328651 0
1711607041571 1449.2141854855568 0
1711607041571 1177.4442456794507 0
1711607041572 956.8163255754047 0
1711607041573 776.1754374071821 0
1711607041574 629.4244274663548 0
1711607041575 510.7453495807286 0
1711607041575 414.282036620756 0
1711607041576 337.2284722778221 0
1711607041577 273.52487404200883 0
1711607041578 223.10734590147715 0
1711607041578 181.1154851934052 0
1711607041579 147.06599080482042 0
1711607041580 119.49018573135355 0
1711607041581 97.264511447948 0
1711607041582 79.1741134213587 0
1711607041582 64.43262635491519 0
1711607041583 52.69330347808607 0
1711607041584 42.970271648206875 0
1711607041585 35.074569402554644 0
1711607041586 28.650540055973703 0
1711607041586 23.447195500066183 0
1711607041587 19.215940807122987 0
1711607041588 15.787731702689342 0
1711607041589 13.003717914411641 0
1711607041590 10.739225349234726 0
1711607041591 8.902230537172546 0
1711607041592 7.4080040354725725 0
1711607041592 6.195066340795782 0
1711607041593 5.212499168603573 0
1711607041594 4.401220266008222 0
1711607041595 3.7456650187214278 0
1711607041596 3.208643120934708 0
1711607041596 2.771819991001999 0
1711607041597 2.4138752062180275 0
1711607041598 2.125444842713133 0
1711607041599 1.8868676234908672 0
1711607041599 1.6857543783324132 0
1711607041600 1.5250373766990977 0
1711607041601 1.391291215780361 0
1711607041602 1.2817670876788552 0
1711607041603 1.188657579012757 0
1711607041603 1.1085816179008239 0
1711607041604 1.0456632320876085 0
1711607041605 0.9936165963688096 0
1711607041606 0.9499492283160028 0
1711607041607 0.9095232480173244 0
1711607041607 0.8807032470348827 0
1711607041608 0.8487768671380908 0
1711607041609 0.8192396245480146 0
1711607041610 0.7983822253561538 0
1711607041611 0.778112904784456 0
1711607041611 0.7603248338975263 0
1711607041612 0.7482514662145912 0
1711607041613 0.7276487672073848 0
1711607041614 0.7179770436657262 0
1711607041615 0.6974035622390039 0
1711607041615 0.6871791302577538 0
1711607041616 0.6791479333886162 0
1711607041617 0.6728447379314387 0
1711607041618 0.6581215874748187 0
1711607041618 0.6437927124334986 0
1711607041619 0.6389122450705704 0
1711607041620 0.6300281181671677 0
1711607041621 0.6247120131380307 0
1711607041622 0.6188566079978552 0
1711607041622 0.6147223367284007 0
1711607041623 0.6013347489508142 0
1711607041624 0.5909353291106775 0
1711607041625 0.5859267517381452 0
1711607041625 0.581489210421159 0
1711607041626 0.5720125624420439 0
1711607041627 0.5665988890482775 0
1711607041628 0.5632055431498486 0
1711607041629 0.5598241446341758 0
1711607041629 0.5575085089163878 0
1711607041630 0.5516763110039414 0
1711607041631 0.5489189235077631 0
1711607041632 0.5451919722384131 0
1711607041633 0.5425398725474693 0
1711607041634 0.5407882128224015 0
1711607041635 0.5372477496286773 0
1711607041635 0.5291852033737937 0
1711607041636 0.5260373011142406 0
1711607041637 0.5235197120503776 0
1711607041638 0.5222812721738143 0
1711607041639 0.5205745164207715 0
1711607041640 0.5178304468710984 0
1711607041640 0.5142975400591496 0
1711607041641 0.5123566112355268 0
