1711607511154 17458.54632840446 0
1711607511155 17185.77809634577 0
1711607511156 16871.899111046754 0
1711607511158 16547.23134868184 0
1711607511159 16242.082465819663 0
1711607511160 15940.886148322046 0
1711607511161 15638.491468668095 0
1711607511162 15371.027610251504 0
1711607511162 15071.320779066027 0
1711607511163 14808.641605793015 0
1711607511164 14586.278911534331 0
1711607511165 14310.102662385676 0
1711607511166 14035.30918954669 0
1711607511167 13771.355894095517 0
1711607511168 13511.575546931988 0
1711607511169 13294.919227186623 0
1711607511169 13072.525546417763 0
1711607511170 12820.843866040834 0
1711607511171 12578.225500499033 0
1711607511172 12341.352541766597 0
1711607511173 12105.177146656411 0
1711607511174 11878.451153554655 0
1711607511174 11677.292584924468 0
1711607511175 11460.690676800314 0
1711607511176 11246.982513058316 0
1711607511177 11030.634862568577 0
1711607511178 10816.030961076782 0
1711607511179 10625.962965194794 0
1711607511180 10419.158430461743 0
1711607511180 10219.920116311736 0
1711607511181 10034.402570865175 0
1711607511182 9851.095536700775 0
1711607511183 9664.544092722606 0
1711607511184 9476.375912682819 0
1711607511185 9296.577501639262 0
1711607511186 9122.540276863578 0
1711607511186 8951.58725647995 0
1711607511187 8785.717836566735 0
1711607511188 8619.792052841356 0
1711607511189 8464.83325247863 0
1711607511190 8333.63657678847 0
1711607511191 8212.28061950004 0
1711607511191 8058.521143832377 0
1711607511192 7982.215647376024 0
1711607511193 7831.077764505456 0
1711607511194 7686.944335426908 0
1711607511195 7547.956192763943 0
1711607511196 7401.370476681685 0
1711607511197 7261.166937008403 0
1711607511197 7133.739166804153 0
1711607511198 7007.831753382382 0
1711607511199 6874.665456056985 0
1711607511200 6741.321086678067 0
1711607511201 6610.557501016269 0
1711607511202 6486.326203350068 0
1711607511203 6372.060011994146 0
1711607511203 6252.7997829787355 0
1711607511204 6142.187928076464 0
1711607511205 6036.853526932155 0
1711607511206 5950.631267658562 0
1711607511207 5847.43770269599 0
1711607511208 5740.43765451611 0
1711607511209 5644.586734502751 0
1711607511209 5542.097184274351 0
1711607511210 5439.737928617902 0
1711607511211 5336.02782106548 0
1711607511212 5232.712896077043 0
1711607511213 5134.530881876671 0
1711607511214 5042.691041606561 0
1711607511214 4945.710700958779 0
1711607511215 4849.593336000366 0
1711607511216 4761.673686037345 0
1711607511217 4673.166430726967 0
1711607511218 4586.205245253018 0
1711607511219 4503.224378280936 0
1711607511219 4417.096825445567 0
1711607511221 4344.86012187563 0
1711607511221 4266.623524864314 0
1711607511222 4189.920846946188 0
1711607511223 4111.7058183524705 0
1711607511224 4033.8793248548454 0
1711607511225 3960.9948557140874 0
1711607511226 3905.275577295749 0
1711607511227 3835.25973271748 0
1711607511228 3765.30596778723 0
1711607511229 3695.695181603364 0
1711607511230 3635.077436353196 0
1711607511231 3568.336684976613 0
1711607511231 3507.6630591954067 0
1711607511232 3452.082009951871 0
1711607511233 3388.4232112553577 0
1711607511234 3326.364836297586 0
1711607511235 3265.5164013040767 0
1711607511236 3203.8663013946184 0
1711607511236 3143.5772436270304 0
1711607511237 3082.6811951564514 0
1711607511238 3023.8054553313586 0
1711607511239 2966.7200286780194 0
1711607511240 2923.833492780466 0
1711607511241 2868.0027794651883 0
