1711607565097 16070.00965220808 0
1711607565098 14535.836905301268 0
1711607565099 13147.338151192647 0
1711607565100 11893.785004199759 0
1711607565101 10757.376123022512 0
1711607565103 9732.653037353823 0
1711607565104 8802.808381328052 0
1711607565104 7964.546273871034 0
1711607565105 7206.445098480171 0
1711607565106 6520.394055924515 0
1711607565107 5897.575706857941 0
1711607565108 5336.427346987979 0
1711607565109 4826.894922179308 0
1711607565109 4368.370203448293 0
1711607565110 3951.480706127679 0
1711607565111 3575.817055868918 0
1711607565112 3235.2934875507253 0
1711607565113 2928.0981350894313 0
1711607565114 2650.2582588657333 0
1711607565114 2397.575949388261 0
1711607565115 2169.6842495098035 0
1711607565116 1963.996415218655 0
1711607565117 1777.5447544433082 0
1711607565118 1608.9594743240366 0
1711607565118 1455.9209768798708 0
1711607565119 1317.828401125675 0
1711607565120 1192.5572545035163 0
1711607565121 1079.5758310665851 0
1711607565122 977.1199749734113 0
1711607565123 884.6514117453264 0
1711607565124 800.7269211971102 0
1711607565124 725.002281337029 0
1711607565125 656.2480593348657 0
1711607565126 594.1816446321283 0
1711607565127 537.9017025285099 0
1711607565128 487.1227865647217 0
1711607565128 441.0764665855284 0
1711607565129 399.354062678587 0
1711607565130 361.62914639063524 0
1711607565131 327.49667288911877 0
1711607565132 296.6266726055998 0
1711607565133 268.6805604524558 0
1711607565134 243.36698060144187 0
1711607565134 220.449389847347 0
1711607565135 199.7018594152671 0
1711607565136 180.9396557889183 0
1711607565137 163.9114606365279 0
1711607565138 148.5415850205488 0
1711607565138 134.60302492676794 0
1711607565139 121.96055419725614 0
1711607565140 110.55933256227033 0
1711607565141 100.19605706625917 0
1711607565142 90.84289487633956 0
1711607565142 82.3350820596162 0
1711607565143 74.64535509618803 0
1711607565144 67.70425018521743 0
1711607565145 61.434487989606936 0
1711607565146 55.69494626652753 0
1711607565147 50.52307255434234 0
1711607565148 45.80667274072664 0
1711607565148 41.55505261365187 0
1711607565149 37.69069177797953 0
1711607565150 34.210876937579215 0
1711607565151 31.045790147531704 0
1711607565152 28.171423769124754 0
1711607565153 25.577493886111167 0
1711607565154 23.219123209194066 0
1711607565154 21.08886268359089 0
1711607565155 19.14741295557651 0
1711607565156 17.394545010310022 0
1711607565157 15.796255123987555 0
1711607565158 14.351059536821976 0
1711607565158 13.04164022080417 0
1711607565159 11.856517590692588 0
1711607565160 10.780382722418805 0
1711607565161 9.800993178329696 0
1711607565162 8.917399279840973 0
1711607565162 8.111485650455592 0
1711607565163 7.38079615779265 0
1711607565164 6.720182960520015 0
1711607565165 6.1215007956646685 0
1711607565166 5.576749088259324 0
1711607565166 5.0844934522575365 0
1711607565167 4.635707411465885 0
1711607565168 4.23016146647545 0
1711607565169 3.8633006398429592 0
1711607565170 3.5271775665931884 0
1711607565171 3.2249601817820026 0
1711607565172 2.949541837601025 0
1711607565173 2.6971905229859607 0
1711607565173 2.471170483235521 0
1711607565175 2.263208292601207 0
1711607565176 2.075464629090909 0
1711607565177 1.9058713649349113 0
1711607565178 1.7504292896619011 0
1711607565179 1.610009880590507 0
1711607565180 1.4830022727887247 0
1711607565181 1.3669701169423978 0
1711607565182 1.261416970356016 0
1711607565182 1.1659712763728933 0
