1711607588657 16058.358252929684 0
1711607588658 14506.293639888712 0
1711607588659 13145.352213158383 0
1711607588660 11957.810193614278 0
1711607588661 10867.832614274928 0
1711607588662 9823.431168752033 0
1711607588663 8877.367536038168 0
1711607588663 8039.907351754661 0
1711607588664 7362.940916258631 0
1711607588665 6678.098975740147 0
1711607588666 6114.351634318864 0
1711607588667 5559.500439672456 0
1711607588668 5057.332914587779 0
1711607588668 4585.695301138162 0
1711607588669 4157.545164603189 0
1711607588670 3812.341587255021 0
1711607588671 3457.1156998431056 0
1711607588672 3188.421510915214 0
1711607588673 2894.465678124841 0
1711607588673 2620.441541328838 0
1711607588674 2390.3597152554844 0
1711607588675 2195.9527248012914 0
1711607588676 1999.7643618809582 0
1711607588677 1811.9561599196697 0
1711607588678 1656.4359321080253 0
1711607588678 1531.2222588611437 0
1711607588679 1387.3253979085905 0
1711607588680 1260.5421906447102 0
1711607588681 1142.0672529608084 0
1711607588682 1050.3679852913983 0
1711607588683 961.8093294590813 0
1711607588683 872.3318042753751 0
1711607588684 790.9494487497117 0
1711607588685 721.1315893041516 0
1711607588686 656.034627509552 0
1711607588688 594.4888223384744 0
1711607588689 538.643428088569 0
1711607588690 487.60678285715727 0
1711607588691 447.58744398868714 0
1711607588692 407.21363605349217 0
1711607588693 369.0253558811805 0
1711607588693 335.3324646246594 0
1711607588694 309.5544200741916 0
1711607588695 285.72455676790696 0
1711607588696 259.3551755864795 0
1711607588697 235.53221352001978 0
1711607588697 214.49117917019407 0
1711607588698 195.35127486812246 0
1711607588699 178.8153259961895 0
1711607588700 165.58414012003968 0
1711607588701 152.82677361454878 0
1711607588702 139.46270909232277 0
1711607588703 126.94227398585886 0
1711607588703 118.96963345906103 0
1711607588705 109.20038445738545 0
1711607588706 99.7303509394057 0
1711607588708 93.07596396992872 0
1711607588709 85.52884519073885 0
1711607588710 78.44563444518302 0
1711607588710 72.37709704383573 0
1711607588711 66.52990498387807 0
1711607588712 60.984030371560834 0
1711607588713 56.38493527059312 0
1711607588714 51.989664983547144 0
1711607588715 47.775202795440514 0
1711607588715 44.04881293143975 0
1711607588716 40.63757640751079 0
1711607588717 37.49280653770413 0
1711607588718 34.88364943640861 0
1711607588719 32.25379053683728 0
1711607588720 30.00883007336496 0
1711607588720 27.886701887714636 0
1711607588721 26.4642019969662 0
1711607588722 24.755167716739994 0
1711607588723 23.02170368332039 0
1711607588724 21.85867908132927 0
1711607588725 20.674833765777237 0
1711607588726 19.448704112564677 0
1711607588729 18.16689598504526 0
1711607588730 17.106803922656812 0
1711607588730 16.076892537254697 0
1711607588731 15.47165158794642 0
1711607588732 14.59467308165129 0
1711607588733 13.774044357690832 0
1711607588734 13.017775749744999 0
1711607588735 12.407783155498016 0
1711607588735 11.793050591636813 0
1711607588736 11.246017741935267 0
1711607588737 10.769454747802001 0
1711607588738 10.336040216674053 0
1711607588739 9.904429060196575 0
1711607588739 9.594174654575392 0
1711607588740 9.18256285172654 0
1711607588741 8.842339219828787 0
1711607588742 8.617878920683529 0
1711607588743 8.26399988015578 0
1711607588743 8.006121334647297 0
1711607588744 7.739166548691382 0
1711607588745 7.486011165667084 0
1711607588746 7.32294848081615 0
