1711606895111 17418.637666347764 0
1711606895111 17075.18070726093 0
1711606895112 16739.683149586628 0
1711606895113 16410.486134413542 0
1711606895114 16085.58766561585 0
1711606895115 15767.546977969421 0
1711606895116 15459.537727860852 0
1711606895117 15156.682228415875 0
1711606895117 14861.5451741877 0
1711606895118 14568.339514608724 0
1711606895119 14284.66531030713 0
1711606895119 14001.853128819515 0
1711606895120 13729.186748368043 0
1711606895121 13469.690691936741 0
1711606895122 13207.541579486255 0
1711606895122 12950.334196799815 0
1711606895123 12694.921593468865 0
1711606895124 12444.851133404278 0
1711606895125 12199.144282057678 0
1711606895125 11959.02596889766 0
1711606895126 11723.002905752472 0
1711606895127 11490.909606130723 0
1711606895128 11263.466584927344 0
1711606895128 11045.388744473848 0
1711606895129 10827.854404953 0
1711606895130 10614.645605368782 0
1711606895131 10407.39252947569 0
1711606895131 10201.430192737043 0
1711606895132 10004.530760087706 0
1711606895133 9807.790597096924 0
1711606895134 9614.733630190762 0
1711606895134 9427.59596357935 0
1711606895135 9241.60301128006 0
1711606895136 9059.422516508195 0
1711606895137 8880.486975099584 0
1711606895137 8704.851274294697 0
1711606895138 8533.543236967304 0
1711606895139 8364.609180572175 0
1711606895140 8200.618965803216 0
1711606895141 8038.240174560022 0
1711606895142 7879.091732067951 0
1711606895143 7723.769563196544 0
1711606895144 7572.900371559577 0
1711606895145 7423.431545570704 0
1711606895145 7277.413790776152 0
1711606895146 7133.412805734447 0
1711606895147 6994.847865951217 0
1711606895148 6857.631712248015 0
1711606895148 6721.9107892634465 0
1711606895149 6589.506729661789 0
1711606895150 6459.583870769516 0
1711606895150 6331.795661848213 0
1711606895151 6206.505070655196 0
1711606895152 6083.716126586886 0
1711606895153 5964.981134773238 0
1711606895153 5850.540663052423 0
1711606895154 5735.076804414351 0
1711606895155 5624.415695708349 0
1711606895156 5513.0770409336665 0
1711606895156 5404.224509631087 0
1711606895157 5297.452058332927 0
1711606895158 5193.090071746476 0
1711606895159 5091.086002331391 0
1711606895160 4991.169738680853 0
1711606895161 4892.37572314074 0
1711606895162 4796.131166768902 0
1711606895164 4710.386086233817 0
1711606895165 4617.762276156808 0
1711606895166 4527.307875684247 0
1711606895167 4437.72189772987 0
1711606895168 4349.916507914204 0
1711606895169 4263.8544488976495 0
1711606895170 4181.00050146721 0
1711606895171 4098.278331843498 0
1711606895173 4017.3339120950313 0
1711606895173 3938.019091951326 0
1711606895174 3860.4373125464235 0
1711606895175 3784.2908785554996 0
1711606895176 3709.7389262493034 0
1711606895176 3638.83202764242 0
1711606895177 3567.61222082439 0
1711606895178 3497.190623299547 0
1711606895178 3428.224342860444 0
1711606895179 3360.739811600731 0
1711606895180 3294.4027580106235 0
1711606895181 3229.250256814361 0
1711606895182 3166.8058786357997 0
1711606895183 3104.415811110629 0
1711606895184 3043.1873575262557 0
1711606895185 2983.012996774903 0
1711606895186 2924.236065307011 0
1711606895187 2866.5205777493006 0
1711606895188 2810.1303557906735 0
1711606895189 2754.877787359161 0
1711606895190 2701.9684672311105 0
1711606895191 2648.5468778998966 0
1711606895191 2596.8987110797843 0
1711606895192 2547.061711755353 0
1711606895193 2498.9582236980673 0
1711606895194 2449.6001414557854 0
