1711606891662 17416.98310111065 0
1711606891663 17072.114840596667 0
1711606891664 16734.099599145768 0
1711606891665 16402.80037451742 0
1711606891666 16078.057394573041 0
1711606891667 15759.757387195043 0
1711606891668 15447.782091033529 0
1711606891668 15141.953758864793 0
1711606891669 14842.17423119541 0
1711606891670 14548.385010031057 0
1711606891671 14260.38212477808 0
1711606891671 13978.065713089618 0
1711606891672 13701.337183400858 0
1711606891673 13430.086035217377 0
1711606891673 13164.221345527229 0
1711606891674 12903.7162908035 0
1711606891675 12648.272261967935 0
1711606891676 12397.87222596453 0
1711606891676 12152.418315384839 0
1711606891677 11911.836543362537 0
1711606891678 11676.033203150837 0
1711606891679 11444.9614646295 0
1711606891679 11218.36006382608 0
1711606891680 10996.272190516265 0
1711606891681 10778.700753480955 0
1711606891682 10565.270065236104 0
1711606891682 10356.122482480136 0
1711606891683 10151.176918131765 0
1711606891684 9950.23242060036 0
1711606891685 9753.213014669536 0
1711606891685 9560.154010687877 0
1711606891686 9371.001612708618 0
1711606891687 9185.50784425216 0
1711606891687 9003.637112948963 0
1711606891688 8825.434373328186 0
1711606891689 8650.716547629474 0
1711606891690 8479.491387026601 0
1711606891690 8311.733615948206 0
1711606891691 8147.162280965389 0
1711606891692 7985.909597142349 0
1711606891692 7827.910058399408 0
1711606891693 7672.909044071762 0
1711606891694 7521.089059331381 0
1711606891695 7372.221753962649 0
1711606891695 7226.258345801297 0
1711606891696 7083.250759838381 0
1711606891697 6942.993439218934 0
1711606891698 6805.637331596286 0
1711606891698 6670.90445250784 0
1711606891699 6538.910670815747 0
1711606891700 6409.5198025536765 0
1711606891701 6282.603399529025 0
1711606891702 6158.266748515004 0
1711606891702 6036.433707944944 0
1711606891703 5916.9658116721985 0
1711606891704 5799.806821115935 0
1711606891704 5685.0566329120065 0
1711606891705 5572.494402867819 0
1711606891706 5462.242219604768 0
1711606891707 5354.1534886749005 0
1711606891708 5248.241351810695 0
1711606891708 5144.319096985302 0
1711606891709 5042.541416000925 0
1711606891710 4942.754595467006 0
1711606891710 4844.970856950891 0
1711606891711 4749.040625455229 0
1711606891712 4655.094590624496 0
1711606891713 4562.924423351942 0
1711606891713 4472.664671554083 0
1711606891714 4384.1113754942035 0
1711606891715 4297.376761227757 0
1711606891716 4212.34773211125 0
1711606891716 4128.957962910896 0
1711606891717 4047.2893286915723 0
1711606891718 3967.207938861748 0
1711606891718 3888.6967320096296 0
1711606891719 3811.7691680381927 0
1711606891720 3736.348004684843 0
1711606891721 3662.447239035836 0
1711606891721 3589.939615208705 0
1711606891722 3518.911740610512 0
1711606891723 3449.2503107725224 0
1711606891723 3381.0287926147075 0
1711606891724 3314.1027653737938 0
1711606891725 3248.549231750993 0
1711606891726 3184.2931941807333 0
1711606891726 3121.2599087324193 0
1711606891727 3059.5218477837443 0
1711606891728 2998.9754718113873 0
1711606891729 2939.662015397763 0
1711606891730 2881.5095182250475 0
1711606891730 2824.500479095368 0
1711606891731 2768.629035929717 0
1711606891732 2713.8278237923187 0
1711606891733 2660.154416234967 0
1711606891734 2607.5352150858603 0
1711606891735 2555.9251331969303 0
1711606891735 2505.374691069162 0
1711606891736 2455.8259840029295 0
1711606891737 2407.2202169693046 0
