1711606951864 16047.810622101866 0
1711606951865 14532.679133603628 0
1711606951866 13132.310921280005 0
1711606951867 11882.957195014871 0
1711606951868 10749.610070688523 0
1711606951869 9726.425816959929 0
1711606951870 8784.343623136461 0
1711606951871 7932.471975005064 0
1711606951872 7165.964249700154 0
1711606951874 6513.603852155199 0
1711606951875 5887.53867427264 0
1711606951876 5330.193553570737 0
1711606951877 4815.791546466322 0
1711606951878 4349.022631493656 0
1711606951879 3937.6720974235677 0
1711606951880 3556.667588018127 0
1711606951881 3214.315323787494 0
1711606951882 2904.1795415413935 0
1711606951883 2624.013344117467 0
1711606951884 2375.234655451726 0
1711606951885 2146.509870598298 0
1711606951886 1940.2070779365172 0
1711606951887 1753.7477861702123 0
1711606951889 1585.019736849963 0
1711606951890 1432.2051944921866 0
1711606951891 1298.6684465706771 0
1711606951892 1175.0176743011166 0
1711606951893 1061.514786170376 0
1711606951894 959.3792965676719 0
1711606951895 868.3044227584126 0
1711606951896 784.663694903786 0
1711606951897 709.0190951772205 0
1711606951898 641.4267142951807 0
1711606951899 579.7070657318053 0
1711606951900 524.8882076867665 0
1711606951901 474.30953784478146 0
1711606951903 428.9636730849176 0
1711606951904 388.14060595049654 0
1711606951905 352.56751394222226 0
1711606951906 318.85254585016884 0
1711606951907 288.3132797996488 0
1711606951908 260.85025778152146 0
1711606951909 236.092425079087 0
1711606951910 213.61766358906536 0
1711606951911 193.19378867939358 0
1711606951913 174.87126403213028 0
1711606951914 159.12448728563925 0
1711606951915 144.18304665732427 0
1711606951916 130.54745970836456 0
1711606951917 118.26069721311073 0
1711606951918 107.16610877251449 0
1711606951919 97.13210655150051 0
1711606951920 88.01143617079146 0
1711606951922 79.8414990852194 0
1711606951923 72.3719740297627 0
1711606951924 65.70382491896858 0
1711606951925 59.58159441130512 0
1711606951926 54.064408487577865 0
1711606951927 49.07388504987571 0
1711606951928 44.56062260364864 0
1711606951929 40.49442662172055 0
1711606951930 36.830318317690654 0
1711606951931 33.58660985602111 0
1711606951933 30.64541248838865 0
1711606951934 27.931215787747508 0
1711606951935 25.468334417128073 0
1711606951936 23.20935483790828 0
1711606951937 21.217958338155437 0
1711606951938 19.329792772939683 0
1711606951939 17.66462339371284 0
1711606951940 16.137269843054607 0
1711606951941 14.771428132243106 0
1711606951942 13.514135155824668 0
1711606951944 12.395172243293302 0
1711606951945 11.352237863723465 0
1711606951946 10.431468521473462 0
1711606951947 9.604936987838316 0
1711606951948 8.856281086557352 0
1711606951949 8.176838556923487 0
1711606951950 7.575818701924375 0
1711606951951 7.033538322696853 0
1711606951952 6.500512861646719 0
1711606951954 6.036012695851403 0
1711606951955 5.59457450717157 0
1711606951956 5.209967248041649 0
1711606951957 4.86945544862768 0
1711606951958 4.5530095312406536 0
1711606951959 4.241362683227727 0
1711606951960 3.978669650180333 0
1711606951961 3.7405432620195347 0
1711606951961 3.5286769828154316 0
1711606951962 3.322359346721435 0
1711606951963 3.151130566368663 0
1711606951964 2.9798972945172095 0
1711606951964 2.831398421071193 0
1711606951965 2.686573480702385 0
1711606951966 2.557267498083484 0
1711606951967 2.4484670819299525 0
1711606951968 2.3480504269037925 0
1711606951968 2.2525955038318988 0
