1711606977307 16036.917501743608 0
1711606977307 14473.810230439762 0
1711606977308 13063.062346023655 0
1711606977309 11789.803121480194 0
1711606977310 10640.655058305969 0
1711606977311 9603.49265011232 0
1711606977312 8667.44015100524 0
1711606977313 7822.633425471565 0
1711606977314 7060.1493803676285 0
1711606977314 6371.999688468481 0
1711606977315 5750.932462024989 0
1711606977316 5190.376148278013 0
1711606977317 4684.476969958665 0
1711606977318 4227.8911616904425 0
1711606977318 3815.797551369296 0
1711606977319 3443.8810925825933 0
1711606977320 3108.2078458981055 0
1711606977321 2805.251044580587 0
1711606977321 2531.824231055539 0
1711606977322 2285.0475522243682 0
1711606977323 2062.3247699378358 0
1711606977324 1861.3131189895605 0
1711606977324 1679.893789004408 0
1711606977325 1516.1556785579562 0
1711606977326 1368.37548702476 0
1711606977327 1235.0011110909586 0
1711606977328 1114.6295555849638 0
1711606977328 1005.9891390990831 0
1711606977329 907.9354303738104 0
1711606977330 819.4412825904453 0
1711606977331 739.5703893696243 0
1711606977332 667.4863285260853 0
1711606977332 602.4271978121208 0
1711606977333 543.7102662918315 0
1711606977334 490.7156106531041 0
1711606977335 442.887235856699 0
1711606977335 399.71943839598583 0
1711606977336 360.7600729623761 0
1711606977337 325.5970978100641 0
1711606977338 293.8618853396539 0
1711606977338 265.2198770739013 0
1711606977339 239.36972047550424 0
1711606977340 216.03888175854271 0
1711606977341 194.98230597735207 0
1711606977341 175.97778071928838 0
1711606977342 158.82568393406146 0
1711606977343 143.34536091701727 0
1711606977344 129.37379532805238 0
1711606977345 116.76415315201737 0
1711606977345 105.38343078012402 0
1711606977346 95.11209870185534 0
1711606977347 85.84165992969125 0
1711606977348 77.47490670570521 0
1711606977348 69.92367031729643 0
1711606977349 63.1083084884211 0
1711606977350 56.95732164021935 0
1711606977351 51.40596579551086 0
1711606977351 46.395624806094204 0
1711606977352 41.873544853157526 0
1711606977353 37.79231246369933 0
1711606977354 34.108743844275935 0
1711606977354 30.78426670224096 0
1711606977355 27.783871511836686 0
1711606977356 25.075849482773243 0
1711606977357 22.631774412877142 0
1711606977357 20.425937226895698 0
1711606977358 18.435074458152894 0
1711606977359 16.638272130163923 0
1711606977360 15.016630145204186 0
1711606977360 13.552984043643342 0
1711606977361 12.232018463221115 0
1711606977362 11.039831213914994 0
1711606977363 9.963792352674917 0
1711606977364 8.992672163171248 0
1711606977364 8.116172469391248 0
1711606977365 7.325129752688088 0
1711606977366 6.611173726076842 0
1711606977366 5.966798469503964 0
1711606977367 5.385246005473131 0
1711606977368 4.860374764530422 0
1711606977369 4.386643787987861 0
1711606977370 3.9591018812409686 0
1711606977370 3.573226100948316 0
1711606977371 3.224960167641413 0
1711606977372 2.910639070807402 0
1711606977373 2.6269416110715773 0
1711606977373 2.3709023508796387 0
1711606977374 2.13981874866921 0
1711606977375 1.9312615828754283 0
1711606977376 1.7430279947961282 0
1711606977376 1.573143182307131 0
1711606977377 1.4198140102200463 0
1711606977378 1.2814320518418036 0
1711606977379 1.156537330138012 0
1711606977380 1.0438166622642748 0
1711606977381 0.9420781314195829 0
1711606977381 0.8502580924106864 0
1711606977382 0.7673889543135991 0
1711606977383 0.6925949960315091 0
1711606977384 0.62509072796896 0
