1711606920814 17415.35370670336 0
1711606920814 17068.89581106935 0
1711606920815 16729.331401156374 0
1711606920816 16396.5246682036 0
1711606920817 16070.336772931594 0
1711606920818 15750.641167134743 0
1711606920819 15437.304577644301 0
1711606920820 15130.20375803495 0
1711606920820 14829.20900595336 0
1711606920821 14534.204081712604 0
1711606920822 14245.067380824958 0
1711606920823 13961.6806472179 0
1711606920823 13683.929384987267 0
1711606920824 13411.706628754342 0
1711606920825 13144.897098749481 0
1711606920825 12883.398088974016 0
1711606920826 12627.103309322909 0
1711606920827 12375.902589160067 0
1711606920828 12129.701308119438 0
1711606920828 11888.398253572544 0
1711606920829 11651.892532166827 0
1711606920830 11420.095076596494 0
1711606920831 11192.91219488861 0
1711606920831 10970.243112291555 0
1711606920832 10752.00281843048 0
1711606920833 10538.102483331442 0
1711606920834 10328.461302476215 0
1711606920834 10122.994039529916 0
1711606920835 9921.607261832707 0
1711606920836 9724.227211176289 0
1711606920836 9530.781632882545 0
1711606920837 9341.176832908714 0
1711606920838 9155.342255555655 0
1711606920839 8973.209465456419 0
1711606920839 8794.698372346618 0
1711606920840 8619.738762403791 0
1711606920841 8448.26077542179 0
1711606920842 8280.197542474798 0
1711606920842 8115.474263452929 0
1711606920843 7954.023863181233 0
1711606920844 7795.7917773349245 0
1711606920845 7640.70490921924 0
1711606920845 7488.702947108068 0
1711606920846 7339.722041811428 0
1711606920847 7193.711099638138 0
1711606920847 7050.602975641081 0
1711606920848 6910.343215074089 0
1711606920849 6772.868020375126 0
1711606920850 6638.131648834483 0
1711606920850 6506.072871779223 0
1711606920851 6376.6453625693 0
1711606920852 6249.7905752653405 0
1711606920853 6125.459011896102 0
1711606920853 6003.5991210098855 0
1711606920854 5884.165279881576 0
1711606920855 5767.107595881454 0
1711606920856 5652.380746458982 0
1711606920856 5539.932263903304 0
1711606920857 5429.7236172224775 0
1711606920858 5321.708081651158 0
1711606920858 5215.839319875366 0
1711606920859 5112.077433689918 0
1711606920860 5010.381739707931 0
1711606920861 4910.706888653158 0
1711606920861 4813.016303337007 0
1711606920862 4717.266364199667 0
1711606920863 4623.422649741425 0
1711606920864 4531.446446451679 0
1711606920864 4441.300083105219 0
1711606920865 4352.947426623573 0
1711606920866 4266.350959558356 0
1711606920867 4181.478616991383 0
1711606920867 4098.295001396978 0
1711606920868 4016.7656111780284 0
1711606920869 3936.8564099743485 0
1711606920870 3858.5384084178363 0
1711606920870 3781.779322650096 0
1711606920871 3706.54695712664 0
1711606920872 3632.809330336391 0
1711606920872 3560.5405909854016 0
1711606920873 3489.70809960572 0
1711606920874 3420.284640382026 0
1711606920875 3352.2436778936935 0
1711606920875 3285.556360012045 0
1711606920876 3220.1953209978633 0
1711606920877 3156.1336711395584 0
1711606920878 3093.348209371423 0
1711606920878 3031.809951169279 0
1711606920879 2971.496781616414 0
1711606920880 2912.382856990674 0
1711606920881 2854.44575171451 0
1711606920881 2797.661104290472 0
1711606920882 2742.0050546064044 0
1711606920883 2687.4572266043456 0
1711606920884 2633.99397699862 0
1711606920885 2581.5954204543814 0
1711606920885 2530.238025620828 0
1711606920886 2479.9030266528384 0
1711606920887 2430.5688336382577 0
1711606920888 2382.216802738847 0
