1711607518029 17416.98310111065 0
1711607518030 17072.114840596667 0
1711607518032 16734.099599145768 0
1711607518033 16402.80037451742 0
1711607518034 16078.057394573041 0
1711607518035 15759.757387195043 0
1711607518036 15447.782091033529 0
1711607518037 15141.953758864793 0
1711607518037 14842.17423119541 0
1711607518038 14548.385010031057 0
1711607518039 14260.38212477808 0
1711607518040 13978.065713089618 0
1711607518041 13701.337183400852 0
1711607518042 13430.086035217377 0
1711607518043 13164.221345527229 0
1711607518043 12903.716290803499 0
1711607518044 12648.272261967935 0
1711607518045 12397.87222596453 0
1711607518046 12152.418315384839 0
1711607518047 11911.836543362537 0
1711607518048 11676.033203150835 0
1711607518049 11444.961464629496 0
1711607518050 11218.36006382608 0
1711607518051 10996.272190516262 0
1711607518052 10778.700753480955 0
1711607518053 10565.2700652361 0
1711607518054 10356.122482480134 0
1711607518054 10151.176918131761 0
1711607518055 9950.232420600358 0
1711607518056 9753.213014669533 0
1711607518057 9560.154010687871 0
1711607518058 9371.001612708616 0
1711607518059 9185.507844252159 0
1711607518060 9003.63711294896 0
1711607518060 8825.434373328184 0
1711607518061 8650.716547629472 0
1711607518062 8479.491387026597 0
1711607518063 8311.733615948204 0
1711607518064 8147.162280965386 0
1711607518065 7985.909597142347 0
1711607518066 7827.910058399404 0
1711607518067 7672.909044071757 0
1711607518067 7521.089059331378 0
1711607518068 7372.2217539626445 0
1711607518069 7226.258345801294 0
1711607518070 7083.250759838378 0
1711607518071 6942.993439218932 0
1711607518072 6805.637331596283 0
1711607518073 6670.904452507837 0
1711607518073 6538.910670815746 0
1711607518074 6409.519802553675 0
1711607518075 6282.603399529023 0
1711607518076 6158.266748515001 0
1711607518077 6036.433707944943 0
1711607518078 5916.965811672198 0
1711607518079 5799.806821115933 0
1711607518080 5685.056632912006 0
1711607518080 5572.494402867818 0
1711607518081 5462.242219604766 0
1711607518082 5354.153488674899 0
1711607518083 5248.241351810692 0
1711607518084 5144.3190969853 0
1711607518085 5042.541416000923 0
1711607518086 4942.754595467004 0
1711607518086 4844.970856950889 0
1711607518087 4749.040625455227 0
1711607518088 4655.094590624494 0
1711607518089 4562.924423351941 0
1711607518090 4472.664671554081 0
1711607518091 4384.111375494202 0
1711607518092 4297.376761227755 0
1711607518092 4212.347732111247 0
1711607518093 4128.957962910895 0
1711607518094 4047.2893286915705 0
1711607518095 3967.2079388617467 0
1711607518096 3888.6967320096282 0
1711607518097 3811.7691680381913 0
1711607518098 3736.3480046848417 0
1711607518098 3662.4472390358355 0
1711607518100 3589.939615208704 0
1711607518101 3518.9117406105106 0
1711607518102 3449.250310772521 0
1711607518103 3381.028792614707 0
1711607518104 3314.102765373793 0
1711607518105 3248.5492317509916 0
1711607518106 3184.2931941807324 0
1711607518107 3121.259908732419 0
1711607518108 3059.521847783744 0
1711607518108 2998.975471811386 0
1711607518109 2939.6620153977615 0
1711607518110 2881.5095182250466 0
1711607518111 2824.500479095367 0
1711607518112 2768.6290359297163 0
1711607518113 2713.8278237923178 0
1711607518114 2660.1544162349664 0
1711607518114 2607.5352150858594 0
1711607518115 2555.92513319693 0
1711607518116 2505.374691069161 0
1711607518117 2455.8259840029286 0
1711607518118 2407.2202169693037 0
