1711607503288 17422.10789946483 0
1711607503290 17082.2630563782 0
1711607503291 16749.163030441945 0
1711607503293 16422.585606424003 0
1711607503294 16102.521533372777 0
1711607503296 15788.632070165506 0
1711607503297 15481.064871069299 0
1711607503298 15179.335304915225 0
1711607503301 14883.729049673922 0
1711607503302 14593.654012016468 0
1711607503304 14309.545431080076 0
1711607503305 14030.722204179336 0
1711607503306 13757.70986039979 0
1711607503308 13489.602170724429 0
1711607503309 13227.104614854077 0
1711607503311 12969.765741026318 0
1711607503312 12717.006298172188 0
1711607503313 12469.579644555615 0
1711607503315 12227.146851535086 0
1711607503316 11988.827113041858 0
1711607503317 11755.705615171293 0
1711607503319 11526.594446194134 0
1711607503320 11302.513193789913 0
1711607503322 11082.23418859083 0
1711607503323 10866.89267929619 0
1711607503324 10655.706076694232 0
1711607503326 10448.015476934288 0
1711607503327 10244.93475074777 0
1711607503329 10045.833073970793 0
1711607503331 9850.12749175307 0
1711607503332 9658.709807369241 0
1711607503334 9470.470632140208 0
1711607503335 9286.44061246829 0
1711607503337 9105.44104150851 0
1711607503338 8928.608931306793 0
1711607503339 8755.112018253638 0
1711607503341 8584.476946663162 0
1711607503342 8417.732259493378 0
1711607503344 8254.123861893715 0
1711607503345 8093.796991183501 0
1711607503346 7936.0699259617795 0
1711607503348 7782.025895435667 0
1711607503349 7630.405302265847 0
1711607503351 7482.194709724558 0
1711607503352 7336.7692485016705 0
1711607503353 7194.327869194193 0
1711607503355 7054.1870181090535 0
1711607503356 6917.204219072349 0
1711607503357 6782.9458976819515 0
1711607503359 6650.817833447907 0
1711607503360 6521.6748891895795 0
1711607503362 6394.637287175162 0
1711607503363 6270.450287384582 0
1711607503364 6148.7284782700835 0
1711607503366 6028.984881460725 0
1711607503367 5912.03929460841 0
1711607503369 5796.873935758906 0
1711607503370 5684.195027627083 0
1711607503371 5573.835090851632 0
1711607503373 5465.718720487354 0
1711607503374 5359.268602355754 0
1711607503375 5255.223118109589 0
1711607503377 5153.281492475951 0
1711607503378 5052.97155252727 0
1711607503379 4955.0118633565735 0
1711607503380 4858.533642774312 0
1711607503382 4764.27553170764 0
1711607503383 4671.755940969204 0
1711607503384 4581.134680603628 0
1711607503386 4492.295320719076 0
1711607503387 4404.8350381249775 0
1711607503389 4319.438181120104 0
1711607503390 4235.361543962582 0
1711607503392 4153.190287524766 0
1711607503394 4072.5003089502247 0
1711607503395 3993.252903490084 0
1711607503397 3915.8414610958203 0
1711607503398 3839.6529644990414 0
1711607503400 3765.2051962935625 0
1711607503402 3692.1771755957216 0
1711607503403 3620.330244171002 0
1711607503404 3550.1516575885066 0
1711607503406 3481.3032097127593 0
1711607503407 3413.5873311735763 0
1711607503409 3347.430191690216 0
1711607503410 3282.3692992513925 0
1711607503412 3218.7250906281306 0
1711607503413 3156.354620126527 0
1711607503414 3094.9661847747266 0
1711607503416 3034.8942691751263 0
1711607503417 2976.11449266558 0
1711607503418 2918.248561161756 0
1711607503420 2861.7141920045638 0
1711607503421 2806.225109044562 0
1711607503422 2751.8504641784184 0
1711607503424 2698.5547352569292 0
1711607503426 2646.1116009168472 0
1711607503427 2594.845484899628 0
1711607503429 2544.4111711464407 0
1711607503430 2495.1148629426493 0
