1711607651186 14396.855724608939 0
1711607651187 11665.030943502969 0
1711607651188 9451.160241743657 0
1711607651189 7657.731176368348 0
1711607651190 6204.682223524064 0
1711607651191 5027.114534934068 0
1711607651192 4073.1264169104124 0
1711607651193 3300.259830659368 0
1711607651193 2674.0006425824054 0
1711607651194 2166.649818880792 0
1711607651195 1755.5223672327413 0
1711607651196 1422.4349784227018 0
1711607651197 1152.5088023199182 0
1711607651198 933.8365018278088 0
1711607651199 756.694977071217 0
1711607651199 613.1052425302585 0
1711607651200 496.78968184134914 0
1711607651201 402.52950565877285 0
1711607651202 326.1743926733841 0
1711607651203 264.2893713989582 0
1711607651204 214.15035812916133 0
1711607651204 173.53021855359998 0
1711607651205 140.61700496830997 0
1711607651206 113.94922062440396 0
1711607651207 92.33551635886197 0
1711607651208 74.82393422251394 0
1711607651209 60.63396730738957 0
1711607651209 49.13901512307829 0
1711607651210 39.8224845321555 0
1711607651211 32.27226402508538 0
1711607651212 26.155370984434832 0
1711607651213 21.198218721754518 0
1711607651214 17.181863704297054 0
1711607651214 13.927939424544734 0
1711607651215 11.290558220206838 0
1711607651216 9.153833442355408 0
1711607651217 7.4223035699432 0
1711607651218 6.019180827002161 0
1711607651219 4.882346111970921 0
1711607651220 3.961139497668497 0
1711607651221 3.2147726826816023 0
1711607651222 2.6100072259137956 0
1711607651223 2.1197397662423616 0
1711607651223 1.7226519776876748 0
1711607651224 1.400757279937635 0
1711607651225 1.1399644261976136 0
1711607651226 0.9286424139498844 0
1711607651227 0.7573604082974368 0
1711607651228 0.6185768639469448 0
1711607651228 0.5060936677482776 0
1711607651229 0.41496727974811937 0
1711607651230 0.34109072672720386 0
1711607651231 0.28116885947165793 0
1711607651232 0.2324423133175795 0
1711607651233 0.1929370386951013 0
1711607651233 0.16092253218361255 0
1711607651234 0.13486781964926817 0
1711607651235 0.11375612202833929 0
1711607651236 0.09657708333384073 0
1711607651237 0.08263797526934351 0
1711607651238 0.071212475334497 0
1711607651239 0.061922214026780414 0
1711607651239 0.054381325458704735 0
1711607651240 0.048200072051482044 0
1711607651241 0.043082595956091194 0
1711607651242 0.038891883460540455 0
1711607651243 0.035532815422235166 0
1711607651244 0.03266342096776666 0
1711607651244 0.030331280249326294 0
1711607651245 0.028391777028782064 0
1711607651246 0.026746501661393446 0
1711607651247 0.02537811012555592 0
1711607651248 0.024257597345655652 0
1711607651249 0.02327061240828349 0
1711607651249 0.022532495283318493 0
1711607651250 0.021853196825734472 0
1711607651251 0.021167986479274706 0
1711607651252 0.0206359740664961 0
1711607651253 0.020182996931858054 0
1711607651254 0.019727637363562638 0
1711607651254 0.019369106517671864 0
1711607651255 0.019039522260027236 0
1711607651256 0.018750265431089777 0
1711607651257 0.018553712783621588 0
1711607651258 0.018363657075262597 0
1711607651259 0.01803437644242132 0
1711607651260 0.01791444323287043 0
1711607651261 0.017717782554353193 0
1711607651262 0.017554743448414626 0
1711607651262 0.017373054663663526 0
1711607651263 0.017306156471333226 0
1711607651264 0.01717367865739502 0
1711607651265 0.016883741758601436 0
1711607651266 0.01680458095316705 0
1711607651267 0.016598214989659497 0
1711607651268 0.0165042980768643 0
1711607651268 0.01642566924244007 0
1711607651269 0.016253996878610545 0
1711607651270 0.01616361766593709 0
1711607651271 0.016003066944518946 0
