1711606924893 17415.36071090704 0
1711606924894 17068.963942259274 0
1711606924895 16729.760396631817 0
1711606924896 16397.077306819498 0
1711606924897 16072.22916491388 0
1711606924898 15753.155025978014 0
1711606924899 15441.211820568991 0
1711606924900 15135.151157230284 0
1711606924901 14834.15295454796 0
1711606924901 14539.12202366671 0
1711606924902 14250.167460109173 0
1711606924903 13966.682365963368 0
1711606924904 13689.173017966868 0
1711606924904 13416.876172273362 0
1711606924905 13150.180761416244 0
1711606924906 12889.096359267798 0
1711606924907 12633.063576024166 0
1711606924907 12381.853645283602 0
1711606924908 12135.788141778685 0
1711606924909 11894.451569108525 0
1711606924910 11657.979212389635 0
1711606924910 11426.242083110747 0
1711606924911 11199.039822374696 0
1711606924912 10976.795541930305 0
1711606924912 10758.713816149178 0
1711606924913 10544.781530348571 0
1711606924914 10335.132043593216 0
1711606924915 10129.574579906093 0
1711606924916 9928.137367391939 0
1711606924916 9730.777539806168 0
1711606924917 9537.288173737019 0
1711606924918 9347.906236729785 0
1711606924918 9162.068041948756 0
1711606924919 8979.826513149843 0
1711606924920 8801.266793177672 0
1711606924921 8626.383626467203 0
1711606924921 8454.830422123441 0
1711606924922 8286.690172341187 0
1711606924923 8122.037803462314 0
1711606924924 7960.471320344396 0
1711606924924 7802.201476480236 0
1711606924925 7647.029491163946 0
1711606924926 7494.954183829707 0
1711606924927 7345.943391748574 0
1711606924927 7199.919634051473 0
1711606924928 7056.749381849331 0
1711606924929 6916.494747651859 0
1711606924930 6778.950903766984 0
1711606924931 6644.174582597179 0
1711606924931 6512.063166308389 0
1711606924932 6382.58004204443 0
1711606924933 6255.713821777776 0
1711606924934 6132.185165576606 0
1711606924934 6010.24198264057 0
1711606924935 5890.697593895235 0
1711606924936 5773.553296018243 0
1711606924937 5658.731556847276 0
1711606924937 5546.25673283086 0
1711606924938 5436.0475607437065 0
1711606924939 5327.971678945038 0
1711606924939 5221.995358429442 0
1711606924940 5118.230964123334 0
1711606924941 5016.569525308659 0
1711606924942 4916.836266818382 0
1711606924942 4819.046444179189 0
1711606924943 4723.349938838952 0
1711606924944 4629.408078746774 0
1711606924945 4537.390926617578 0
1711606924945 4447.1487589690005 0
1711606924946 4359.192362300785 0
1711606924947 4273.114944159998 0
1711606924948 4188.154267697731 0
1711606924948 4104.94209459825 0
1711606924949 4023.3572534604336 0
1711606924950 3943.3667080547643 0
1711606924950 3865.0098390348276 0
1711606924951 3788.145823956828 0
1711606924952 3712.893214889809 0
1711606924953 3639.06411837993 0
1711606924953 3566.7054567063146 0
1711606924954 3495.7791005363315 0
1711606924955 3426.280703511393 0
1711606924956 3358.1412071368254 0
1711606924956 3291.397003510804 0
1711606924957 3225.979912717474 0
1711606924958 3161.8457313416675 0
1711606924958 3098.9939248236246 0
1711606924959 3037.3610854006683 0
1711606924960 2977.0585621112077 0
1711606924961 2917.8788443105045 0
1711606924961 2859.8653191752314 0
1711606924962 2802.996266063503 0
1711606924963 2747.4506011768685 0
1711606924964 2692.9113929140603 0
1711606924964 2639.4110218215224 0
1711606924965 2586.925322723526 0
1711606924966 2535.6540200097 0
1711606924967 2485.264916153065 0
1711606924968 2435.8639050190354 0
1711606924969 2387.4523813826063 0
