1711607608625 16036.917501743608 0
1711607608626 14473.810230439762 0
1711607608627 13063.062346023655 0
1711607608628 11789.803121480194 0
1711607608630 10640.655058305969 0
1711607608632 9603.49265011232 0
1711607608633 8667.44015100524 0
1711607608634 7822.633425471565 0
1711607608635 7060.149380367628 0
1711607608637 6371.999688468481 0
1711607608638 5750.932462024988 0
1711607608639 5190.376148278012 0
1711607608641 4684.476969958664 0
1711607608642 4227.891161690442 0
1711607608643 3815.7975513692954 0
1711607608644 3443.881092582592 0
1711607608645 3108.207845898104 0
1711607608646 2805.2510445805865 0
1711607608646 2531.8242310555383 0
1711607608647 2285.047552224368 0
1711607608648 2062.324769937835 0
1711607608649 1861.3131189895605 0
1711607608650 1679.893789004408 0
1711607608651 1516.155678557956 0
1711607608651 1368.37548702476 0
1711607608652 1235.0011110909584 0
1711607608653 1114.6295555849636 0
1711607608654 1005.9891390990829 0
1711607608655 907.9354303738102 0
1711607608656 819.4412825904453 0
1711607608656 739.5703893696241 0
1711607608657 667.4863285260852 0
1711607608658 602.4271978121208 0
1711607608659 543.7102662918314 0
1711607608660 490.71561065310397 0
1711607608660 442.887235856699 0
1711607608661 399.7194383959857 0
1711607608662 360.760072962376 0
1711607608663 325.59709781006404 0
1711607608664 293.8618853396538 0
1711607608665 265.2198770739012 0
1711607608666 239.36972047550415 0
1711607608666 216.0388817585427 0
1711607608667 194.98230597735204 0
1711607608668 175.97778071928838 0
1711607608669 158.8256839340614 0
1711607608670 143.34536091701725 0
1711607608671 129.37379532805235 0
1711607608671 116.76415315201734 0
1711607608672 105.38343078012399 0
1711607608673 95.11209870185534 0
1711607608674 85.84165992969122 0
1711607608675 77.4749067057052 0
1711607608676 69.92367031729641 0
1711607608676 63.10830848842108 0
1711607608677 56.95732164021933 0
1711607608678 51.40596579551084 0
1711607608679 46.39562480609417 0
1711607608680 41.8735448531575 0
1711607608681 37.792312463699304 0
1711607608681 34.1087438442759 0
1711607608682 30.784266702240934 0
1711607608683 27.78387151183666 0
1711607608684 25.07584948277322 0
1711607608685 22.63177441287712 0
1711607608685 20.42593722689568 0
1711607608686 18.435074458152876 0
1711607608687 16.63827213016391 0
1711607608688 15.016630145204171 0
1711607608689 13.55298404364333 0
1711607608690 12.232018463221104 0
1711607608690 11.039831213914981 0
1711607608691 9.963792352674904 0
1711607608692 8.992672163171237 0
1711607608693 8.116172469391238 0
1711607608694 7.325129752688079 0
1711607608695 6.611173726076832 0
1711607608696 5.966798469503955 0
1711607608697 5.38524600547312 0
1711607608698 4.860374764530414 0
1711607608699 4.386643787987853 0
1711607608700 3.9591018812409593 0
1711607608701 3.5732261009483106 0
1711607608701 3.2249601676414184 0
1711607608702 2.910639070807407 0
1711607608703 2.6269416110715795 0
1711607608704 2.3709023508796365 0
1711607608705 2.1398187486692075 0
1711607608706 1.9312615828754294 0
1711607608706 1.7430279947961291 0
1711607608707 1.573143182307132 0
1711607608708 1.4198140102200492 0
1711607608709 1.281432051841806 0
1711607608710 1.1565373301380142 0
1711607608711 1.0438166622642773 0
1711607608711 0.9420781314195852 0
1711607608712 0.8502580924106887 0
1711607608713 0.7673889543136013 0
1711607608714 0.6925949960315116 0
1711607608715 0.6250907279689634 0
