1711606877785 17422.10789946483 0
1711606877786 17082.2630563782 0
1711606877787 16749.163030441945 0
1711606877787 16422.585606424003 0
1711606877788 16102.521533372777 0
1711606877789 15788.632070165506 0
1711606877790 15481.064871069299 0
1711606877791 15179.335304915225 0
1711606877792 14883.729049673922 0
1711606877792 14593.654012016468 0
1711606877793 14309.545431080076 0
1711606877794 14030.722204179336 0
1711606877794 13757.70986039979 0
1711606877795 13489.602170724429 0
1711606877796 13227.104614854074 0
1711606877797 12969.765741026318 0
1711606877797 12717.006298172188 0
1711606877798 12469.579644555617 0
1711606877799 12227.146851535086 0
1711606877800 11988.827113041858 0
1711606877800 11755.705615171293 0
1711606877801 11526.594446194136 0
1711606877802 11302.513193789915 0
1711606877803 11082.234188590834 0
1711606877803 10866.892679296192 0
1711606877804 10655.706076694234 0
1711606877805 10448.01547693429 0
1711606877805 10244.934750747772 0
1711606877806 10045.833073970794 0
1711606877807 9850.127491753075 0
1711606877808 9658.709807369245 0
1711606877808 9470.47063214021 0
1711606877809 9286.440612468294 0
1711606877810 9105.441041508511 0
1711606877810 8928.608931306797 0
1711606877811 8755.112018253642 0
1711606877812 8584.476946663166 0
1711606877813 8417.732259493381 0
1711606877813 8254.123861893719 0
1711606877814 8093.796991183503 0
1711606877815 7936.069925961782 0
1711606877816 7782.02589543567 0
1711606877816 7630.405302265848 0
1711606877817 7482.19470972456 0
1711606877818 7336.769248501673 0
1711606877818 7194.327869194196 0
1711606877819 7054.187018109056 0
1711606877820 6917.204219072351 0
1711606877821 6782.945897681954 0
1711606877821 6650.817833447908 0
1711606877822 6521.67488918958 0
1711606877823 6394.637287175165 0
1711606877824 6270.450287384583 0
1711606877824 6148.728478270084 0
1711606877825 6028.984881460726 0
1711606877826 5912.039294608412 0
1711606877826 5796.8739357589075 0
1711606877827 5684.1950276270845 0
1711606877828 5573.835090851633 0
1711606877829 5465.718720487354 0
1711606877829 5359.268602355755 0
1711606877830 5255.223118109591 0
1711606877831 5153.281492475952 0
1711606877832 5052.971552527271 0
1711606877832 4955.011863356575 0
1711606877833 4858.533642774313 0
1711606877834 4764.27553170764 0
1711606877835 4671.755940969204 0
1711606877835 4581.134680603629 0
1711606877836 4492.295320719077 0
1711606877837 4404.8350381249775 0
1711606877838 4319.438181120106 0
1711606877838 4235.361543962583 0
1711606877839 4153.190287524767 0
1711606877840 4072.500308950225 0
1711606877841 3993.2529034900845 0
1711606877841 3915.841461095821 0
1711606877842 3839.6529644990424 0
1711606877843 3765.2051962935625 0
1711606877844 3692.1771755957225 0
1711606877844 3620.330244171003 0
1711606877845 3550.1516575885075 0
1711606877846 3481.3032097127584 0
1711606877847 3413.5873311735754 0
1711606877848 3347.430191690215 0
1711606877849 3282.3692992513934 0
1711606877850 3218.7250906281306 0
1711606877851 3156.354620126527 0
1711606877851 3094.9661847747266 0
1711606877852 3034.8942691751254 0
1711606877853 2976.1144926655797 0
1711606877854 2918.2485611617553 0
1711606877855 2861.7141920045638 0
1711606877856 2806.225109044562 0
1711606877856 2751.850464178418 0
1711606877857 2698.5547352569292 0
1711606877858 2646.111600916847 0
1711606877860 2594.845484899628 0
1711606877860 2544.4111711464407 0
1711606877861 2495.1148629426493 0
