1711606944678 16160.348973119264 0
1711606944679 14761.34223939537 0
1711606944680 13479.556608522464 0
1711606944681 12292.44399345974 0
1711606944682 11154.147738612528 0
1711606944683 10256.147035452832 0
1711606944684 9322.725762536345 0
1711606944685 8448.214832835612 0
1711606944685 7670.2089952093675 0
1711606944686 7038.890245753669 0
1711606944687 6389.610176102863 0
1711606944688 5818.2452533734995 0
1711606944688 5288.169776362382 0
1711606944689 5127.699559755663 0
1711606944690 4703.727499488442 0
1711606944691 4280.490694917041 0
1711606944691 3886.381036572671 0
1711606944692 3551.8911648383437 0
1711606944693 3237.033219853982 0
1711606944694 2998.993041181139 0
1711606944694 2735.2301529681636 0
1711606944695 2488.9486875767675 0
1711606944696 2270.2625414180598 0
1711606944696 2118.5078207637625 0
1711606944697 1935.4170990613964 0
1711606944698 1792.821702214466 0
1711606944699 1629.047799935879 0
1711606944699 1505.680457464079 0
1711606944700 1403.0011414464252 0
1711606944701 1280.7517180326024 0
1711606944702 1190.6915002366604 0
1711606944703 1097.088991322238 0
1711606944704 1021.2387485815269 0
1711606944704 951.643163519929 0
1711606944705 874.556242046497 0
1711606944706 794.2830047561481 0
1711606944707 725.0102916171871 0
1711606944707 671.6787614514984 0
1711606944708 612.5045211166604 0
1711606944709 558.1902922487355 0
1711606944710 511.4242608601716 0
1711606944710 468.0009314958963 0
1711606944711 426.3794438156738 0
1711606944712 403.90944368104255 0
1711606944713 371.7790454473239 0
1711606944713 347.01432511642105 0
1711606944714 324.8964309336236 0
1711606944715 304.4179946965281 0
1711606944716 284.33155196717723 0
1711606944716 261.5957402173191 0
1711606944717 241.60407584060488 0
1711606944718 223.54042556005442 0
1711606944719 215.209023721483 0
1711606944719 198.12187356431065 0
1711606944720 183.32060520713546 0
1711606944721 169.62986736636537 0
1711606944722 156.47588320106692 0
1711606944722 144.70324733370316 0
1711606944723 133.5954484161248 0
1711606944724 124.09551317953556 0
1711606944725 116.67081635593912 0
1711606944725 108.07119968538564 0
1711606944726 100.42576080584199 0
1711606944727 93.12830480923527 0
1711606944728 86.6949087741082 0
1711606944728 83.47468673301563 0
1711606944729 77.98829304492007 0
1711606944730 72.81637403778369 0
1711606944731 68.06021786437226 0
1711606944732 63.6933042072318 0
1711606944732 59.59283270133175 0
1711606944733 56.68720377345173 0
1711606944734 53.23220265516347 0
1711606944735 50.12530507574324 0
1711606944736 47.336203644442534 0
1711606944736 45.29777932965749 0
1711606944737 42.80140355567705 0
1711606944738 40.504348979315665 0
1711606944739 38.64868939416971 0
1711606944739 36.71712417753311 0
1711606944740 34.87954638613168 0
1711606944741 33.4011323680851 0
1711606944742 31.726076396073896 0
1711606944742 30.258150673112652 0
1711606944743 29.027446741350207 0
1711606944744 27.670736514441536 0
1711606944745 26.384913180758264 0
1711606944745 25.601699625841313 0
1711606944746 24.788110192525465 0
1711606944747 23.805829686091016 0
1711606944748 22.829979681885167 0
1711606944748 21.97133148114449 0
1711606944749 21.212120242518385 0
1711606944750 20.512322709576086 0
1711606944751 19.826197666740956 0
1711606944752 19.153623545548513 0
1711606944753 18.631904788049063 0
1711606944753 18.07882788172428 0
1711606944754 17.565490223958015 0
1711606944755 17.25060914094755 0
