1711607553930 17415.87726392707 0
1711607553931 17069.793491130302 0
1711607553933 16730.289800520655 0
1711607553935 16397.682168314805 0
1711607553936 16071.596684649097 0
1711607553937 15752.212199245268 0
1711607553939 15438.90870757901 0
1711607553940 15131.790081061525 0
1711607553941 14830.999371996719 0
1711607553943 14536.241378944322 0
1711607553944 14247.180126708676 0
1711607553946 13964.345159112143 0
1711607553947 13686.739197403998 0
1711607553949 13415.417613297088 0
1711607553949 13148.619513891594 0
1711607553950 12887.530298334546 0
1711607553951 12632.030077100655 0
1711607553952 12380.848004930362 0
1711607553953 12134.67791686132 0
1711607553954 11893.323107878543 0
1711607553955 11656.825857178703 0
1711607553956 11425.660957723338 0
1711607553956 11198.41834691205 0
1711607553957 10975.68789423478 0
1711607553958 10757.426094152446 0
1711607553959 10543.668778130306 0
1711607553960 10334.014418147546 0
1711607553961 10129.899995970414 0
1711607553962 9928.548027371608 0
1711607553963 9731.08288760588 0
1711607553963 9537.56945249105 0
1711607553964 9348.331739825135 0
1711607553965 9162.402957997376 0
1711607553966 8980.22849670661 0
1711607553967 8801.712730469408 0
1711607553968 8627.059055330374 0
1711607553969 8455.488693023059 0
1711607553970 8287.321261370365 0
1711607553970 8122.611619644902 0
1711607553971 7961.095561998318 0
1711607553972 7802.806538856152 0
1711607553973 7647.868212754334 0
1711607553974 7495.843367151724 0
1711607553975 7347.110070414325 0
1711607553976 7201.044125444181 0
1711607553976 7058.458294917679 0
1711607553977 6918.193115286447 0
1711607553978 6780.61113406109 0
1711607553979 6645.80609950342 0
1711607553980 6513.704926399493 0
1711607553982 6384.219048067669 0
1711607553983 6257.571237745501 0
1711607553984 6133.259610775363 0
1711607553985 6011.57439418944 0
1711607553986 5892.02330754479 0
1711607553987 5774.8777750176905 0
1711607553988 5660.098634242177 0
1711607553989 5547.657510942087 0
1711607553990 5437.334747253598 0
1711607553991 5329.201022439421 0
1711607553991 5223.674786044787 0
1711607553992 5119.80961613604 0
1711607553993 5018.081942596595 0
1711607553994 4918.314981903667 0
1711607553995 4820.533489647515 0
1711607553996 4724.665525724993 0
1711607553997 4630.7021847949445 0
1711607553998 4538.6013680144715 0
1711607553999 4448.353173047011 0
1711607554000 4359.879156495825 0
1711607554001 4273.333732566097 0
1711607554002 4188.442570403054 0
1711607554003 4105.43411807306 0
1711607554004 4023.8063749920066 0
1711607554005 3943.837897404353 0
1711607554005 3865.412942784146 0
1711607554006 3788.6034168017804 0
1711607554007 3713.286251632999 0
1711607554008 3639.4441147231223 0
1711607554009 3567.0890483242597 0
1711607554010 3496.217214152779 0
1711607554011 3426.7292865095546 0
1711607554012 3358.567450916507 0
1711607554012 3291.7795737678925 0
1711607554013 3226.418397985771 0
1711607554015 3162.253063217226 0
1711607554016 3099.3997249490935 0
1711607554017 3038.1185067808224 0
1711607554018 2977.7712655863243 0
1711607554019 2918.5636389832803 0
1711607554020 2860.5544447457833 0
1711607554021 2803.716973044995 0
1711607554021 2748.0125618052903 0
1711607554022 2693.5486113661746 0
1711607554023 2640.0178867012 0
1711607554024 2587.503843475378 0
1711607554025 2536.0768148546626 0
1711607554026 2485.684859534786 0
1711607554027 2436.263969686591 0
1711607554028 2387.837443038864 0
