1711607578557 16044.900715548169 0
1711607578558 14488.630104963118 0
1711607578559 13083.193148256332 0
1711607578560 11814.11545410286 0
1711607578562 10668.009529569847 0
1711607578563 9633.191326442267 0
1711607578564 8698.583075508383 0
1711607578565 7855.015740248027 0
1711607578567 7093.000174762259 0
1711607578568 6405.228291674553 0
1711607578569 5784.151923491264 0
1711607578570 5223.373597206753 0
1711607578571 4716.961663412047 0
1711607578573 4259.253695883066 0
1711607578574 3846.1275751789735 0
1711607578575 3473.2272364566593 0
1711607578576 3136.3407842103525 0
1711607578578 2832.326047967435 0
1711607578579 2557.7803061947106 0
1711607578580 2309.6979538088217 0
1711607578581 2085.8139002923376 0
1711607578582 1883.5575757912013 0
1711607578584 1701.0061729458948 0
1711607578585 1536.1272811193433 0
1711607578586 1387.273055403487 0
1711607578587 1252.745569031293 0
1711607578589 1131.3439070540078 0
1711607578590 1021.6596688110131 0
1711607578591 922.6919364621166 0
1711607578592 833.2517729777323 0
1711607578594 752.5541820754208 0
1711607578595 679.6217723801224 0
1711607578596 613.7957149795329 0
1711607578597 554.3057359856705 0
1711607578599 500.6373943521629 0
1711607578600 452.14969633504813 0
1711607578601 408.3363364349849 0
1711607578602 368.81012263491067 0
1711607578604 333.08123794711184 0
1711607578605 300.84066827468087 0
1711607578606 271.70319805046637 0
1711607578607 245.39202567029233 0
1711607578609 221.63492247777953 0
1711607578610 200.18018434262362 0
1711607578611 180.81175401706685 0
1711607578612 163.31400825966347 0
1711607578614 147.50087001231017 0
1711607578615 133.2219535315796 0
1711607578616 120.3339980647879 0
1711607578617 108.69616670431388 0
1711607578618 98.17541451780903 0
1711607578620 88.68349293165763 0
1711607578621 80.10126658151503 0
1711607578622 72.35341908053796 0
1711607578623 65.36094932422971 0
1711607578625 59.03664427159353 0
1711607578626 53.32801671158763 0
1711607578627 48.17610587347964 0
1711607578628 43.51815743918067 0
1711607578630 39.31227517626464 0
1711607578631 35.51382461130574 0
1711607578632 32.083897949991254 0
1711607578633 28.983825458169285 0
1711607578634 26.18457225400271 0
1711607578636 23.656050844391277 0
1711607578637 21.372966527263745 0
1711607578638 19.308932007881037 0
1711607578639 17.444562500406143 0
1711607578641 15.76129513661039 0
1711607578642 14.240283814574019 0
1711607578643 12.867452749476595 0
1711607578644 11.627276661743796 0
1711607578646 10.505659721538928 0
1711607578647 9.493969748014411 0
1711607578648 8.579266051326494 0
1711607578649 7.752350640426314 0
1711607578650 7.006772952080999 0
1711607578652 6.3324953123310435 0
1711607578653 5.7241211265870025 0
1711607578654 5.173314619056209 0
1711607578655 4.676253940768159 0
1711607578657 4.226651303303345 0
1711607578658 3.820768939507355 0
1711607578659 3.454495675742731 0
1711607578661 3.1231421622689246 0
1711607578662 2.823917649201068 0
1711607578663 2.553826439764475 0
1711607578664 2.309379912420797 0
1711607578666 2.0889014324032487 0
1711607578667 1.8895594555676183 0
1711607578668 1.7093300685305723 0
1711607578669 1.546731121017031 0
1711607578671 1.3996003120599574 0
1711607578672 1.2667515036804142 0
1711607578673 1.1466516829226436 0
1711607578674 1.0381734837995578 0
1711607578676 0.9401965118336993 0
1711607578677 0.8516747358695437 0
1711607578678 0.7716603569150934 0
1711607578680 0.6994053314563167 0
