1711607646818 14894.38543448155 0
1711607646819 12108.159932555127 0
1711607646820 9869.297061890713 0
1711607646821 8090.524900232174 0
1711607646822 6710.510065356626 0
1711607646823 5504.865680155492 0
1711607646824 4496.591761048546 0
1711607646825 3726.122026540079 0
1711607646826 3031.3792542400915 0
1711607646826 2466.1044508772725 0
1711607646827 2035.1250820590308 0
1711607646828 1659.8101526491566 0
1711607646829 1353.4083656071618 0
1711607646830 1114.7494877263982 0
1711607646831 924.6913671808904 0
1711607646831 758.1754483502071 0
1711607646832 629.6323290026509 0
1711607646833 531.7067874804011 0
1711607646834 448.18143652634967 0
1711607646835 379.82011513116163 0
1711607646836 311.97325976602656 0
1711607646837 257.9912194553973 0
1711607646837 213.964688540349 0
1711607646838 179.1831382176054 0
1711607646839 153.19838523436093 0
1711607646840 134.63955025391394 0
1711607646841 119.97135753713947 0
1711607646842 101.92050768593212 0
1711607646842 87.28284974924053 0
1711607646843 74.10331534270766 0
1711607646844 64.67608314407423 0
1711607646845 55.328891797614 0
1711607646846 47.93929577148116 0
1711607646847 41.93845633933157 0
1711607646848 36.36147623091176 0
1711607646848 32.3457366871564 0
1711607646850 29.751478269899675 0
1711607646851 26.55511374857743 0
1711607646853 23.85441263653068 0
1711607646854 21.461252802497103 0
1711607646854 19.452133928997192 0
1711607646855 17.861088734248998 0
1711607646856 16.741157090674776 0
1711607646857 15.82034915796093 0
1711607646858 14.849265954883574 0
1711607646859 13.86562449032876 0
1711607646860 13.065814818944238 0
1711607646860 12.439755239594126 0
1711607646862 11.8637589763838 0
1711607646862 11.370354331247567 0
1711607646863 10.979245062875904 0
1711607646864 10.58703412615239 0
1711607646865 10.34508888761195 0
1711607646866 10.032350338531254 0
1711607646867 9.810041172282867 0
1711607646868 9.536769109590413 0
1711607646868 9.337802072037176 0
1711607646869 9.116857425913917 0
1711607646870 8.907895160844717 0
1711607646871 8.785261629403308 0
1711607646872 8.630855771097513 0
1711607646873 8.524692476834677 0
1711607646873 8.399019274657409 0
1711607646874 8.316090265417373 0
1711607646875 8.212341478007582 0
1711607646876 8.059891445060517 0
1711607646877 7.9932528046388525 0
1711607646878 7.899133206765347 0
1711607646878 7.844312181805025 0
1711607646879 7.7547762873439465 0
1711607646880 7.705885519875695 0
1711607646881 7.640464772986754 0
1711607646882 7.609979303711995 0
1711607646883 7.5572342705476085 0
1711607646884 7.464401694683241 0
1711607646884 7.440405533447075 0
1711607646885 7.37415688921251 0
1711607646886 7.319451925851823 0
1711607646887 7.284376209286503 0
1711607646888 7.258966839143986 0
1711607646889 7.24261476193904 0
1711607646890 7.209220398056859 0
1711607646891 7.1780516324164605 0
1711607646892 7.155579331676849 0
1711607646893 7.139941744221217 0
1711607646893 7.103203423977764 0
1711607646894 7.088154189994675 0
1711607646895 7.062210595201897 0
1711607646896 7.049483852032628 0
1711607646897 6.988305627927181 0
1711607646898 6.972647394134965 0
1711607646899 6.87616251960857 0
1711607646899 6.849373377818617 0
1711607646900 6.839961058930339 0
1711607646901 6.826867763120554 0
1711607646902 6.818830015838281 0
1711607646903 6.75043464870893 0
1711607646904 6.722769539137859 0
1711607646905 6.710071844229624 0
1711607646906 6.69628744457347 0
