1711607549247 17415.35370670336 0
1711607549248 17068.89581106935 0
1711607549250 16729.331401156374 0
1711607549251 16396.5246682036 0
1711607549252 16070.336772931594 0
1711607549253 15750.641167134743 0
1711607549254 15437.304577644301 0
1711607549254 15130.203758034948 0
1711607549255 14829.20900595336 0
1711607549256 14534.204081712604 0
1711607549257 14245.067380824958 0
1711607549258 13961.6806472179 0
1711607549259 13683.929384987267 0
1711607549260 13411.706628754342 0
1711607549261 13144.897098749481 0
1711607549261 12883.398088974016 0
1711607549262 12627.103309322907 0
1711607549263 12375.902589160067 0
1711607549264 12129.701308119436 0
1711607549265 11888.398253572544 0
1711607549266 11651.892532166827 0
1711607549267 11420.095076596494 0
1711607549268 11192.91219488861 0
1711607549268 10970.243112291555 0
1711607549269 10752.00281843048 0
1711607549270 10538.102483331442 0
1711607549271 10328.461302476215 0
1711607549272 10122.994039529916 0
1711607549273 9921.607261832707 0
1711607549274 9724.227211176289 0
1711607549274 9530.781632882545 0
1711607549275 9341.176832908714 0
1711607549276 9155.342255555654 0
1711607549277 8973.209465456417 0
1711607549278 8794.698372346618 0
1711607549279 8619.738762403791 0
1711607549280 8448.26077542179 0
1711607549280 8280.197542474796 0
1711607549281 8115.474263452928 0
1711607549282 7954.023863181233 0
1711607549283 7795.7917773349245 0
1711607549284 7640.704909219239 0
1711607549285 7488.702947108067 0
1711607549286 7339.7220418114275 0
1711607549286 7193.711099638136 0
1711607549287 7050.602975641081 0
1711607549288 6910.343215074089 0
1711607549289 6772.868020375126 0
1711607549290 6638.131648834483 0
1711607549291 6506.072871779223 0
1711607549292 6376.645362569299 0
1711607549293 6249.7905752653405 0
1711607549293 6125.459011896101 0
1711607549294 6003.5991210098855 0
1711607549295 5884.165279881576 0
1711607549296 5767.107595881453 0
1711607549297 5652.380746458981 0
1711607549298 5539.932263903303 0
1711607549298 5429.7236172224775 0
1711607549299 5321.708081651158 0
1711607549301 5215.839319875365 0
1711607549302 5112.077433689918 0
1711607549303 5010.38173970793 0
1711607549303 4910.706888653157 0
1711607549304 4813.016303337006 0
1711607549305 4717.266364199667 0
1711607549306 4623.422649741425 0
1711607549307 4531.446446451679 0
1711607549308 4441.300083105218 0
1711607549309 4352.947426623571 0
1711607549309 4266.350959558356 0
1711607549310 4181.478616991383 0
1711607549311 4098.295001396978 0
1711607549312 4016.765611178028 0
1711607549313 3936.8564099743476 0
1711607549314 3858.5384084178363 0
1711607549315 3781.7793226500953 0
1711607549315 3706.54695712664 0
1711607549316 3632.8093303363903 0
1711607549317 3560.5405909854003 0
1711607549318 3489.7080996057193 0
1711607549319 3420.284640382026 0
1711607549320 3352.2436778936935 0
1711607549321 3285.556360012045 0
1711607549322 3220.1953209978633 0
1711607549323 3156.1336711395584 0
1711607549324 3093.348209371423 0
1711607549325 3031.8099511692785 0
1711607549325 2971.496781616414 0
1711607549326 2912.382856990674 0
1711607549327 2854.44575171451 0
1711607549328 2797.661104290472 0
1711607549329 2742.0050546064044 0
1711607549330 2687.457226604345 0
1711607549331 2633.9939769986195 0
1711607549333 2581.5954204543814 0
1711607549334 2530.238025620828 0
1711607549335 2479.903026652838 0
1711607549336 2430.5688336382577 0
1711607549337 2382.216802738847 0
