1711607585593 16199.14975899583 0
1711607585594 14627.787472777154 0
1711607585595 13298.796694343233 0
1711607585596 12017.508344598187 0
1711607585597 10859.777221653587 0
1711607585598 9843.222333390793 0
1711607585599 8889.931136782734 0
1711607585600 8034.688865758131 0
1711607585601 7312.68185110264 0
1711607585602 6613.840890072563 0
1711607585602 5985.49339164001 0
1711607585603 5529.427654418727 0
1711607585604 4996.555656874644 0
1711607585605 4528.805368520615 0
1711607585606 4105.10163429498 0
1711607585606 3713.9616628059757 0
1711607585607 3360.4912681578753 0
1711607585608 3038.0279647953353 0
1711607585609 2756.114477136061 0
1711607585610 2530.022425714398 0
1711607585611 2290.2966798055227 0
1711607585611 2070.0880747308943 0
1711607585612 1873.1279743621199 0
1711607585613 1716.1135561019275 0
1711607585614 1550.9579078617116 0
1711607585615 1406.3721795214171 0
1711607585615 1276.8842349962438 0
1711607585616 1156.863139673398 0
1711607585617 1050.686482127917 0
1711607585618 951.0751125242799 0
1711607585619 860.5462889674311 0
1711607585620 779.2870557959611 0
1711607585620 705.5284078322442 0
1711607585621 638.660285706707 0
1711607585622 578.3989331919838 0
1711607585623 523.6982676941844 0
1711607585624 481.7786437563651 0
1711607585624 436.77301182825875 0
1711607585625 397.05874655943575 0
1711607585626 360.40479481907585 0
1711607585627 326.8843877010933 0
1711607585628 298.1769220258234 0
1711607585629 270.3058534301138 0
1711607585629 245.59769676126916 0
1711607585630 223.99703419095036 0
1711607585631 203.37004750775247 0
1711607585632 186.73469995653807 0
1711607585633 169.7120020674503 0
1711607585633 155.0348539186419 0
1711607585634 141.00102627384834 0
1711607585635 128.3680848301021 0
1711607585636 117.062604751785 0
1711607585637 106.62089657617314 0
1711607585637 97.39747946593856 0
1711607585638 88.95565585096843 0
1711607585639 81.23577064528457 0
1711607585640 74.2823736077154 0
1711607585641 67.92440627204003 0
1711607585641 62.159828769344664 0
1711607585642 56.94789247809587 0
1711607585643 52.281306903943964 0
1711607585644 48.23812263455185 0
1711607585645 44.53660252894483 0
1711607585646 41.01107230789758 0
1711607585646 37.798591338356374 0
1711607585647 34.87908858335085 0
1711607585648 32.33387559413706 0
1711607585649 29.91041818481184 0
1711607585650 27.72802367876062 0
1711607585651 25.78519733263468 0
1711607585651 24.00511660412452 0
1711607585652 22.377805158749723 0
1711607585653 20.87552745505997 0
1711607585654 19.505581440133852 0
1711607585655 18.169837455560348 0
1711607585656 17.04660148921748 0
1711607585656 16.00286481677887 0
1711607585657 15.063941623056625 0
1711607585658 14.255673705750533 0
1711607585659 13.516730108501326 0
1711607585660 12.805702057615534 0
1711607585660 12.173982863002955 0
1711607585661 11.552099857197595 0
1711607585662 10.965885118941626 0
1711607585663 10.478247210781193 0
1711607585664 9.946049877138162 0
1711607585665 9.51966722116333 0
1711607585666 9.105392870806021 0
1711607585667 8.733100741759712 0
1711607585668 8.385806611951187 0
1711607585668 8.102898789848659 0
1711607585669 7.759537261438516 0
1711607585670 7.518121307911174 0
1711607585671 7.282019132338136 0
1711607585672 7.058092091851588 0
1711607585672 6.854489501404341 0
1711607585673 6.625636201515248 0
1711607585674 6.442809706162054 0
1711607585675 6.255722156957 0
1711607585676 6.078189567396152 0
