1711606913003 17416.278061314035 0
1711606913004 17071.21682371679 0
1711606913005 16732.684115922162 0
1711606913006 16401.38687342915 0
1711606913007 16076.75574650739 0
1711606913009 15758.690766908878 0
1711606913009 15445.98675908445 0
1711606913010 15141.342314174492 0
1711606913011 14852.573247570508 0
1711606913012 14558.136063899625 0
1711606913012 14270.513159610991 0
1711606913013 13987.64431581635 0
1711606913014 13711.013762075763 0
1711606913015 13442.396346803993 0
1711606913015 13176.54332788339 0
1711606913016 12921.204919297692 0
1711606913017 12668.758435406398 0
1711606913018 12419.040814878612 0
1711606913018 12172.746348238137 0
1711606913019 11933.518620520723 0
1711606913020 11696.71845829356 0
1711606913021 11466.284014759503 0
1711606913021 11238.414430035502 0
1711606913022 11015.918513734365 0
1711606913023 10798.153956863056 0
1711606913023 10584.98057187404 0
1711606913024 10376.862088972312 0
1711606913025 10171.382008443179 0
1711606913026 9969.717170478398 0
1711606913026 9777.318444482233 0
1711606913027 9584.84887806326 0
1711606913028 9395.433834998652 0
1711606913029 9209.165060517513 0
1711606913029 9030.860313156032 0
1711606913030 8852.031428744294 0
1711606913031 8676.44655723301 0
1711606913031 8504.407147435224 0
1711606913032 8336.58658456605 0
1711606913033 8175.873506172391 0
1711606913034 8015.58841737149 0
1711606913034 7858.355736479453 0
1711606913035 7706.776537802837 0
1711606913036 7555.804611887841 0
1711606913036 7406.300567098645 0
1711606913037 7261.705308246782 0
1711606913038 7118.071779987616 0
1711606913039 6977.626055183976 0
1711606913039 6839.082339619764 0
1711606913040 6704.916104786832 0
1711606913041 6572.007834734132 0
1711606913042 6443.853233621716 0
1711606913042 6316.657599933047 0
1711606913043 6191.33711237031 0
1711606913044 6070.967455573352 0
1711606913044 5952.911081105246 0
1711606913045 5834.804012989473 0
1711606913046 5719.676033156239 0
1711606913047 5610.305388938425 0
1711606913047 5501.1294264833705 0
1711606913048 5392.369668403813 0
1711606913049 5286.22909598044 0
1711606913049 5181.829963224029 0
1711606913050 5079.720022885946 0
1711606913051 4978.96784831388 0
1711606913052 4880.231110177678 0
1711606913052 4783.314718682978 0
1711606913053 4689.054389841187 0
1711606913054 4596.486518439376 0
1711606913055 4505.86823341422 0
1711606913055 4416.447160839608 0
1711606913056 4329.547558346014 0
1711606913057 4244.503731082732 0
1711606913058 4160.406916783692 0
1711606913058 4078.1001139101713 0
1711606913059 3997.2545535866016 0
1711606913060 3917.9892223561455 0
1711606913061 3841.048024924852 0
1711606913062 3764.8164153654893 0
1711606913063 3691.412060393942 0
1711606913064 3618.165023354457 0
1711606913066 3553.710725086272 0
1711606913067 3485.4597249722733 0
1711606913068 3416.6347033489237 0
1711606913069 3348.8584557605095 0
1711606913070 3282.5839234336645 0
1711606913071 3217.548136053843 0
1711606913072 3154.2496246507812 0
1711606913073 3092.1037748580397 0
1711606913075 3031.1752775515133 0
1711606913076 2972.4489787629386 0
1711606913077 2913.7413401477183 0
1711606913078 2856.349020553734 0
1711606913079 2799.8106839730417 0
1711606913080 2745.4181044294382 0
1711606913081 2691.044186277857 0
1711606913082 2637.651014871684 0
1711606913083 2586.1299799199355 0
1711606913085 2534.84618300793 0
1711606913086 2484.5788699166224 0
1711606913087 2435.3777058629103 0
