1711607640399 14466.319747605165 0
1711607640400 11731.59361515079 0
1711607640401 9514.716692196555 0
1711607640402 7750.071859939568 0
1711607640403 6291.954551157233 0
1711607640404 5109.072969560015 0
1711607640405 4144.0276806237 0
1711607640406 3371.376378064741 0
1711607640406 2768.406380288784 0
1711607640407 2245.80021183025 0
1711607640408 1824.671578401293 0
1711607640409 1480.5771741388369 0
1711607640410 1206.8105729790088 0
1711607640411 980.4323833853352 0
1711607640411 797.0721948397065 0
1711607640412 649.822802834987 0
1711607640413 528.4489738009761 0
1711607640414 429.7214805322245 0
1711607640415 354.5555400191057 0
1711607640416 288.8333006512348 0
1711607640416 235.05585584442545 0
1711607640417 191.36416469093342 0
1711607640418 155.8051426855232 0
1711607640419 126.9091115529567 0
1711607640420 103.62825764926697 0
1711607640421 84.74400435779809 0
1711607640421 69.51278124105227 0
1711607640422 57.47838194650528 0
1711607640423 47.57925619142093 0
1711607640424 39.062787577083945 0
1711607640425 32.182623388013745 0
1711607640426 26.516189164342627 0
1711607640427 22.01794871933628 0
1711607640427 18.281904618647424 0
1711607640428 15.257803086405964 0
1711607640429 12.788567769685631 0
1711607640430 10.77372304606013 0
1711607640431 9.099588772993993 0
1711607640432 7.741936374517543 0
1711607640432 6.646858840568843 0
1711607640433 5.737287691294445 0
1711607640434 4.994515976476537 0
1711607640435 4.347215144307724 0
1711607640436 3.85603015050699 0
1711607640437 3.412868287830025 0
1711607640437 3.05600470577273 0
1711607640438 2.7855477295142705 0
1711607640439 2.569512426478685 0
1711607640440 2.3723627742410587 0
1711607640441 2.2151989325935917 0
1711607640442 2.083754815241962 0
1711607640442 1.97525769649004 0
1711607640443 1.8724265546542906 0
1711607640444 1.7963844884382105 0
1711607640445 1.7164800222500913 0
1711607640446 1.6399220632135336 0
1711607640447 1.5810543122411895 0
1711607640447 1.5395984028720295 0
1711607640448 1.4947192898631345 0
1711607640449 1.4617188113965027 0
1711607640450 1.434485993316322 0
1711607640451 1.410115908968504 0
1711607640452 1.391011611870348 0
1711607640453 1.369367884266818 0
1711607640453 1.3553531365764375 0
1711607640454 1.323208017555804 0
1711607640455 1.3025904311577554 0
1711607640456 1.2926182818566132 0
1711607640457 1.2758025574872747 0
1711607640458 1.265341108410741 0
1711607640459 1.2597669406956196 0
1711607640459 1.2518734856966216 0
1711607640460 1.244456820534957 0
1711607640461 1.2350470786790946 0
1711607640462 1.228440169177434 0
1711607640463 1.2181004945427152 0
1711607640464 1.212539719303684 0
1711607640465 1.2058705981537268 0
1711607640465 1.1972337252285246 0
1711607640466 1.1846674537841397 0
1711607640467 1.1801001185206614 0
1711607640468 1.171484887197569 0
1711607640469 1.1683823407578435 0
1711607640470 1.1593425119210352 0
1711607640471 1.156724518385045 0
1711607640472 1.150652400692197 0
1711607640473 1.146954934038438 0
1711607640474 1.1439883703405396 0
1711607640474 1.1346477066400977 0
1711607640475 1.1277981218358264 0
1711607640476 1.1239765639840784 0
1711607640477 1.110350941240653 0
1711607640478 1.1069536795718462 0
1711607640479 1.0902051377615793 0
1711607640479 1.0892088324943483 0
1711607640480 1.0873870749964538 0
1711607640481 1.082010312870244 0
1711607640482 1.081370365870854 0
1711607640483 1.0770902489179746 0
1711607640484 1.0736234781906588 0
