1711607582238 16047.911526951197 0
1711607582239 14539.786208637914 0
1711607582240 13131.73019887417 0
1711607582241 11858.062979273365 0
1711607582242 10707.795781708892 0
1711607582243 9673.888638344946 0
1711607582244 8736.73292890752 0
1711607582245 7892.6621620718 0
1711607582245 7158.465567800131 0
1711607582246 6465.520048645927 0
1711607582247 5843.472724547458 0
1711607582248 5296.64355353083 0
1711607582249 4785.122326621114 0
1711607582250 4322.500892564072 0
1711607582250 3903.642286959567 0
1711607582251 3525.2597868760154 0
1711607582253 3183.5162595802926 0
1711607582254 2876.1838600270767 0
1711607582255 2603.2156443981767 0
1711607582256 2363.3468783301087 0
1711607582257 2136.1612939867573 0
1711607582258 1929.435352539402 0
1711607582259 1742.8918407817685 0
1711607582259 1574.1731827120755 0
1711607582261 1423.120850290331 0
1711607582261 1287.4988994951523 0
1711607582262 1162.9428480379308 0
1711607582263 1050.7114654551128 0
1711607582264 949.2533722085238 0
1711607582266 858.7593813999156 0
1711607582266 777.0303908182096 0
1711607582268 702.1755130856259 0
1711607582268 634.6529902750623 0
1711607582269 575.1897655165474 0
1711607582270 519.6636733115174 0
1711607582271 469.78480482136297 0
1711607582271 425.10087249019756 0
1711607582272 384.2493400225167 0
1711607582273 347.2758828305653 0
1711607582274 314.0993275027729 0
1711607582274 284.22626742482623 0
1711607582275 257.0619715423371 0
1711607582276 233.16213825636385 0
1711607582277 211.1014575003025 0
1711607582277 191.07514981547982 0
1711607582278 172.9745392500111 0
1711607582279 156.72765433478457 0
1711607582280 141.79745917002853 0
1711607582280 128.44427315149804 0
1711607582281 116.16079267376948 0
1711607582282 105.06334861581347 0
1711607582283 95.16599383032774 0
1711607582284 86.13150330187536 0
1711607582284 78.09042340881031 0
1711607582285 70.79087089168505 0
1711607582286 64.05426272719355 0
1711607582287 58.0013117581247 0
1711607582287 52.772161782142135 0
1711607582288 47.79570850451261 0
1711607582289 43.27385461448792 0
1711607582290 39.25818133610537 0
1711607582290 35.68432286190512 0
1711607582291 32.36844812632225 0
1711607582292 29.360494495095683 0
1711607582293 26.65956263409773 0
1711607582293 24.198070464002303 0
1711607582294 21.969304776473482 0
1711607582295 19.9518242529998 0
1711607582296 18.129031576486533 0
1711607582296 16.485581746508448 0
1711607582297 14.985473179592747 0
1711607582298 13.630254055587242 0
1711607582299 12.49933993872044 0
1711607582299 11.38513897080545 0
1711607582300 10.371915264568234 0
1711607582301 9.46900066437603 0
1711607582302 8.643624514042582 0
1711607582303 7.898521832914301 0
1711607582304 7.218089912116595 0
1711607582305 6.601033820976633 0
1711607582307 6.075169230453064 0
1711607582307 5.571250233739753 0
1711607582308 5.1838789688829685 0
1711607582309 4.769099815645489 0
1711607582310 4.397001772892962 0
1711607582311 4.052047069924082 0
1711607582312 3.740670809398486 0
1711607582313 3.456806452667981 0
1711607582313 3.1975590665321647 0
1711607582314 2.963173765548674 0
1711607582315 2.76259108888917 0
1711607582316 2.5700710216349782 0
1711607582316 2.4033369273769662 0
1711607582317 2.245003866809126 0
1711607582318 2.10102194977062 0
1711607582319 1.9682638769953025 0
1711607582319 1.847579832527821 0
1711607582320 1.7408495597536897 0
1711607582321 1.645622418786376 0
1711607582322 1.558787694937642 0
