1711606916387 17431.595336387003 0
1711606916388 17113.48104588949 0
1711606916389 16811.54744264673 0
1711606916390 16478.76753406889 0
1711606916391 16157.636037312594 0
1711606916392 15848.275419981766 0
1711606916392 15535.687146576316 0
1711606916393 15235.965457780829 0
1711606916394 14954.453189975166 0
1711606916395 14666.26908264954 0
1711606916395 14378.588586882983 0
1711606916396 14097.216956174256 0
1711606916397 13829.836610062197 0
1711606916398 13557.974296600361 0
1711606916398 13294.455307440121 0
1711606916399 13047.418176198027 0
1711606916400 12790.294497735147 0
1711606916401 12536.797482601452 0
1711606916401 12289.673150610879 0
1711606916402 12047.655787422274 0
1711606916403 11809.821566949602 0
1711606916403 11580.30551122895 0
1711606916404 11351.588728389172 0
1711606916405 11135.186700181745 0
1711606916406 10929.074091565442 0
1711606916406 10727.866745926938 0
1711606916407 10515.770184378805 0
1711606916408 10309.085358856237 0
1711606916409 10123.795365928263 0
1711606916409 9923.01774316004 0
1711606916410 9728.166726058387 0
1711606916411 9535.767476278694 0
1711606916412 9350.071720706277 0
1711606916412 9166.817046592596 0
1711606916413 8988.111737594982 0
1711606916414 8815.327171744571 0
1711606916415 8642.878986811302 0
1711606916415 8484.983626226689 0
1711606916416 8318.237505172123 0
1711606916417 8153.771702307992 0
1711606916417 7993.911444392013 0
1711606916418 7837.2917944669025 0
1711606916419 7687.954861612832 0
1711606916420 7536.329592153392 0
1711606916420 7387.66282514842 0
1711606916421 7241.681485853688 0
1711606916422 7103.280224522157 0
1711606916422 6965.218447061706 0
1711606916423 6830.216024140012 0
1711606916424 6699.0811387746035 0
1711606916425 6566.826478953834 0
1711606916425 6441.275488418886 0
1711606916426 6319.441060124179 0
1711606916427 6197.131220053149 0
1711606916428 6075.018236292961 0
1711606916428 5957.618830669229 0
1711606916429 5841.516140644437 0
1711606916430 5726.490607076388 0
1711606916431 5615.496236606213 0
1711606916431 5517.089507386461 0
1711606916432 5408.123256339124 0
1711606916433 5304.349379294971 0
1711606916434 5199.4544393291135 0
1711606916434 5100.307077918938 0
1711606916435 4999.655522028837 0
1711606916436 4901.141135909547 0
1711606916436 4804.555864728541 0
1711606916437 4710.620300397827 0
1711606916439 4620.368311643906 0
1711606916440 4529.397972926459 0
1711606916441 4441.907026074887 0
1711606916442 4359.25347943491 0
1711606916443 4276.726934641284 0
1711606916444 4192.36474531309 0
1711606916445 4110.897818024279 0
1711606916445 4033.515893133584 0
1711606916446 3954.2167010241706 0
1711606916447 3876.238057918392 0
1711606916448 3803.598569875877 0
1711606916449 3728.9236119837587 0
1711606916450 3655.4820603834537 0
1711606916451 3585.732472391851 0
1711606916452 3514.778194567136 0
1711606916453 3445.436963058705 0
1711606916454 3377.827507847421 0
1711606916455 3311.478319952738 0
1711606916456 3247.572647496085 0
1711606916457 3185.2500543793335 0
1711606916458 3122.192288182439 0
1711606916460 3062.926380978663 0
1711606916461 3003.5041862053213 0
1711606916462 2954.3867704884865 0
1711606916463 2901.351165467647 0
1711606916464 2844.273513707778 0
1711606916465 2788.9675794716372 0
1711606916466 2734.59063299451 0
1711606916467 2681.4362066412587 0
1711606916468 2629.014222220167 0
1711606916469 2581.0961911638683 0
1711606916470 2530.2897418740476 0
