1711607633182 14560.885180903753 0
1711607633183 12253.825549130523 0
1711607633184 10043.911791413802 0
1711607633185 8473.873459322516 0
1711607633186 7143.441335977482 0
1711607633187 6092.27979473739 0
1711607633188 5065.312794152755 0
1711607633189 4152.6184616730225 0
1711607633190 3549.491262776833 0
1711607633191 2913.015160494153 0
1711607633192 2392.5363338891857 0
1711607633192 1973.9634196306115 0
1711607633193 1696.4492099002373 0
1711607633195 1552.8103091697553 0
1711607633196 1328.217353896041 0
1711607633198 1116.3863888771411 0
1711607633199 970.5864479980339 0
1711607633201 801.1841956148442 0
1711607633202 757.2383257277628 0
1711607633203 673.428381794173 0
1711607633204 569.2216750626397 0
1711607633205 547.8727861712321 0
1711607633206 463.533617904984 0
1711607633207 391.8513223244659 0
1711607633208 347.1867628824536 0
1711607633208 325.03470691656804 0
1711607633209 279.3268817362488 0
1711607633210 243.46442818246757 0
1711607633211 228.791901901794 0
1711607633212 202.2599107481939 0
1711607633213 174.6026043699518 0
1711607633214 152.26780344280826 0
1711607633215 133.9438982345411 0
1711607633215 117.67625770411345 0
1711607633216 105.06277475891595 0
1711607633217 97.63716437419109 0
1711607633218 91.08383019722824 0
1711607633219 82.00737613889272 0
1711607633220 73.61000030647516 0
1711607633221 66.83795541619955 0
1711607633221 61.59467044849403 0
1711607633222 57.30771714066843 0
1711607633223 52.01858201312453 0
1711607633224 47.83796108692213 0
1711607633225 45.76578252405209 0
1711607633226 42.53385767277505 0
1711607633227 39.8086961547223 0
1711607633227 38.46352294035317 0
1711607633228 37.06359066763703 0
1711607633229 35.58038402766549 0
1711607633230 33.70856529466443 0
1711607633231 32.26571245539297 0
1711607633232 31.382911882425013 0
1711607633232 30.895377012911915 0
1711607633233 29.583774811424448 0
1711607633234 28.228613009217053 0
1711607633235 27.336166369210964 0
1711607633236 26.09295816853961 0
1711607633237 25.088650804245898 0
1711607633237 24.256936825545104 0
1711607633238 23.603067936934703 0
1711607633239 23.01101732607092 0
1711607633240 22.568619760662664 0
1711607633241 22.276945943172098 0
1711607633242 21.480490365043728 0
1711607633242 20.997774047427328 0
1711607633243 20.541185008072212 0
1711607633244 19.89222610255309 0
1711607633246 19.52985537187377 0
1711607633246 19.07012814256921 0
1711607633247 18.8022330092638 0
1711607633248 18.54369744612929 0
1711607633249 18.09399259024426 0
1711607633250 17.924950771227756 0
1711607633251 17.68281730767899 0
1711607633251 17.433552523527226 0
1711607633252 17.25992858248744 0
1711607633253 16.852633023294437 0
1711607633255 16.696477764640818 0
1711607633255 16.45775609290614 0
1711607633256 16.33053477403993 0
1711607633257 16.241940422060615 0
1711607633258 16.065125430050237 0
1711607633259 15.86425019650093 0
1711607633260 15.636529732647352 0
1711607633260 15.499361646838267 0
1711607633261 15.412352746533848 0
1711607633262 15.282000742184342 0
1711607633263 15.145660477176934 0
1711607633264 15.034396520000003 0
1711607633265 14.966286000902443 0
1711607633265 14.764612108349755 0
1711607633266 14.705736789665552 0
1711607633267 14.594200319239068 0
1711607633268 14.543666686883357 0
1711607633269 14.5039710424991 0
1711607633270 14.334234107989456 0
1711607633270 14.276104443897733 0
1711607633271 14.164778474969344 0
1711607633272 14.06431082076555 0
