1711607514192 17431.288284956245 0
1711607514193 17100.016967189666 0
1711607514194 16777.24227451315 0
1711607514195 16454.57252288476 0
1711607514196 16147.8057546533 0
1711607514197 15910.437458191316 0
1711607514198 15604.239501446255 0
1711607514199 15315.127550545703 0
1711607514200 15024.592185370611 0
1711607514201 14802.808023891981 0
1711607514201 14671.397149176884 0
1711607514202 14402.829471088262 0
1711607514203 14254.821407676247 0
1711607514204 13980.386556359988 0
1711607514205 13739.970121688428 0
1711607514206 13522.607641024251 0
1711607514207 13275.780823068106 0
1711607514207 13020.97648116392 0
1711607514208 12771.17862777762 0
1711607514209 12553.38478656721 0
1711607514210 12341.73750417491 0
1711607514211 12112.116100466003 0
1711607514212 11987.316059142135 0
1711607514213 11757.61922852755 0
1711607514213 11544.30401025982 0
1711607514214 11367.92192070773 0
1711607514215 11154.387606208831 0
1711607514216 10959.554145588654 0
1711607514217 10764.149425272035 0
1711607514218 10565.875146169894 0
1711607514219 10362.66357154587 0
1711607514220 10203.360808230442 0
1711607514221 10023.071037996342 0
1711607514221 9840.131702968201 0
1711607514222 9668.157472244478 0
1711607514223 9490.688895621095 0
1711607514224 9313.373062653 0
1711607514225 9156.975951825534 0
1711607514226 8978.644943964326 0
1711607514227 8804.229915985761 0
1711607514227 8664.880793401764 0
1711607514228 8589.273600246555 0
1711607514229 8453.543801239486 0
1711607514230 8291.921174119665 0
1711607514231 8135.050696637912 0
1711607514232 8007.008591232808 0
1711607514233 7897.457751238206 0
1711607514233 7745.504381261754 0
1711607514234 7672.461875081947 0
1711607514235 7526.046963069647 0
1711607514236 7392.231457299473 0
1711607514237 7269.023970588506 0
1711607514238 7128.128325068368 0
1711607514239 6993.939799092265 0
1711607514239 6885.575924436939 0
1711607514240 6755.441453776979 0
1711607514241 6631.057868202727 0
1711607514242 6515.710462813926 0
1711607514243 6392.779003815301 0
1711607514244 6275.0612918962115 0
1711607514245 6164.0949426890065 0
1711607514245 6046.638257280498 0
1711607514246 5938.354600388092 0
1711607514247 5881.273325775259 0
1711607514248 5774.267422170613 0
1711607514249 5673.832018338843 0
1711607514250 5569.521054142215 0
1711607514250 5464.5450636859105 0
1711607514251 5361.406669676109 0
1711607514252 5259.239328750042 0
1711607514253 5161.623781189884 0
1711607514254 5068.663149154222 0
1711607514255 4982.794990697992 0
1711607514256 4916.312207263926 0
1711607514257 4825.133309201556 0
1711607514257 4735.544446879316 0
1711607514258 4646.867015488182 0
1711607514259 4562.772852310961 0
1711607514260 4488.923074765139 0
1711607514261 4410.776119472541 0
1711607514262 4369.913797518551 0
1711607514263 4301.151883693083 0
1711607514264 4221.274521434216 0
1711607514265 4145.184171222839 0
1711607514266 4069.430787640761 0
1711607514266 3998.342034697008 0
1711607514267 3926.105168203255 0
1711607514268 3862.869822338857 0
1711607514269 3790.5947914829403 0
1711607514270 3728.4557947107346 0
1711607514271 3668.2600589492645 0
1711607514272 3598.9915080454502 0
1711607514273 3533.596035433321 0
1711607514273 3466.8788637743605 0
1711607514274 3404.6750794220875 0
1711607514275 3360.8097062163324 0
1711607514276 3304.4065978386757 0
1711607514277 3241.595418143489 0
1711607514278 3181.392917362934 0
1711607514279 3123.499225257049 0
