1711606948217 16044.900715548169 0
1711606948218 14488.63010496312 0
1711606948219 13083.193148256332 0
1711606948220 11814.11545410286 0
1711606948221 10668.009529569848 0
1711606948222 9633.191326442267 0
1711606948222 8698.583075508383 0
1711606948223 7855.01574024803 0
1711606948224 7093.000174762259 0
1711606948225 6405.228291674554 0
1711606948225 5784.151923491264 0
1711606948226 5223.373597206753 0
1711606948227 4716.961663412047 0
1711606948228 4259.253695883067 0
1711606948228 3846.1275751789735 0
1711606948229 3473.2272364566593 0
1711606948230 3136.340784210352 0
1711606948231 2832.326047967435 0
1711606948231 2557.7803061947106 0
1711606948232 2309.69795380882 0
1711606948233 2085.8139002923367 0
1711606948234 1883.5575757912 0
1711606948234 1701.0061729458935 0
1711606948235 1536.1272811193417 0
1711606948236 1387.2730554034856 0
1711606948237 1252.745569031292 0
1711606948237 1131.343907054007 0
1711606948238 1021.6596688110128 0
1711606948239 922.691936462116 0
1711606948240 833.251772977732 0
1711606948240 752.5541820754203 0
1711606948241 679.6217723801218 0
1711606948242 613.7957149795327 0
1711606948243 554.3057359856701 0
1711606948243 500.6373943521625 0
1711606948244 452.14969633504785 0
1711606948245 408.33633643498456 0
1711606948246 368.8101226349104 0
1711606948246 333.08123794711156 0
1711606948247 300.84066827468075 0
1711606948248 271.70319805046626 0
1711606948249 245.39202567029218 0
1711606948249 221.63492247777938 0
1711606948250 200.18018434262348 0
1711606948251 180.8117540170667 0
1711606948252 163.31400825966335 0
1711606948252 147.50087001231006 0
1711606948253 133.22195353157952 0
1711606948254 120.33399806478785 0
1711606948255 108.69616670431382 0
1711606948255 98.17541451780897 0
1711606948256 88.68349293165755 0
1711606948257 80.10126658151495 0
1711606948258 72.35341908053788 0
1711606948258 65.3609493242296 0
1711606948259 59.0366442715934 0
1711606948260 53.32801671158753 0
1711606948261 48.176105873479536 0
1711606948261 43.518157439180584 0
1711606948262 39.312275176264556 0
1711606948263 35.513824611305665 0
1711606948263 32.083897949991176 0
1711606948264 28.983825458169242 0
1711606948265 26.184572254002678 0
1711606948266 23.656050844391245 0
1711606948266 21.372966527263717 0
1711606948267 19.308932007881012 0
1711606948268 17.444562500406118 0
1711606948269 15.761295136610366 0
1711606948269 14.240283814573997 0
1711606948270 12.867452749476573 0
1711606948271 11.627276661743775 0
1711606948272 10.50565972153891 0
1711606948272 9.493969748014392 0
1711606948273 8.57926605132648 0
1711606948274 7.7523506404263 0
1711606948275 7.006772952080985 0
1711606948275 6.332495312331033 0
1711606948276 5.724121126586991 0
1711606948277 5.173314619056199 0
1711606948278 4.676253940768149 0
1711606948278 4.226651303303334 0
1711606948279 3.8207689395073454 0
1711606948280 3.454495675742723 0
1711606948281 3.1231421622689175 0
1711606948281 2.8239176492010607 0
1711606948282 2.5538264397644777 0
1711606948283 2.3093799124208 0
1711606948284 2.0889014324032513 0
1711606948284 1.8895594555676256 0
1711606948285 1.7093300685305792 0
1711606948286 1.5467311210170336 0
1711606948286 1.3996003120599556 0
1711606948287 1.2667515036804127 0
1711606948288 1.146651682922642 0
1711606948289 1.0381734837995562 0
1711606948290 0.9401965118336978 0
1711606948291 0.8516747358695423 0
1711606948292 0.7716603569150919 0
1711606948292 0.6994053314563152 0
