1711606966063 16039.154912372373 0
1711606966064 14478.94778205578 0
1711606966065 13077.164466905077 0
1711606966066 11804.024644885792 0
1711606966067 10655.86324239619 0
1711606966068 9625.376544602866 0
1711606966069 8689.260550583946 0
1711606966069 7853.099181365105 0
1711606966070 7096.420283538874 0
1711606966071 6405.85720215936 0
1711606966072 5782.573019349541 0
1711606966073 5220.460885265774 0
1711606966073 4713.287996796628 0
1711606966074 4257.399876477026 0
1711606966075 3843.4028834903024 0
1711606966076 3471.2232676196354 0
1711606966076 3134.4922828441704 0
1711606966077 2829.8319309029957 0
1711606966078 2554.57655767951 0
1711606966079 2307.2639904718462 0
1711606966079 2082.7329153866767 0
1711606966080 1880.7138477915992 0
1711606966081 1698.0676807032219 0
1711606966082 1533.057697860542 0
1711606966082 1384.2669520900713 0
1711606966083 1249.8977098333748 0
1711606966084 1128.3449634114581 0
1711606966085 1019.3648227559038 0
1711606966085 920.4042113126982 0
1711606966086 830.8969714230121 0
1711606966087 750.1423448381043 0
1711606966088 677.2644642323152 0
1711606966088 611.5728968815389 0
1711606966089 552.1220680558785 0
1711606966090 498.50346811302217 0
1711606966091 450.0243230865242 0
1711606966091 406.46027495195966 0
1711606966092 367.02265008464985 0
1711606966093 331.7320783485124 0
1711606966094 299.5075813504034 0
1711606966094 270.4155591606121 0
1711606966095 244.22363683486057 0
1711606966096 220.54963325515982 0
1711606966097 199.12177369546586 0
1711606966097 179.90411706855207 0
1711606966098 162.43110678591546 0
1711606966099 146.7048393906531 0
1711606966100 132.46963355257915 0
1711606966100 119.86382139792848 0
1711606966101 108.30876195509165 0
1711606966102 97.83280293534047 0
1711606966103 88.35604807320344 0
1711606966104 79.80724888675817 0
1711606966105 72.10278831754688 0
1711606966105 65.12151675548695 0
1711606966106 58.82930683648681 0
1711606966107 53.16834564646909 0
1711606966108 48.038218661829355 0
1711606966108 43.41065821407628 0
1711606966109 39.21801855062416 0
1711606966110 35.45048134237405 0
1711606966111 32.033801396207146 0
1711606966111 28.956579962496935 0
1711606966112 26.167716558706275 0
1711606966113 23.658796015471857 0
1711606966114 21.386521648155874 0
1711606966114 19.353656157761574 0
1711606966115 17.498503100531398 0
1711606966116 15.828290747465685 0
1711606966117 14.3154062017566 0
1711606966117 12.948977143396334 0
1711606966118 11.714903827519656 0
1711606966119 10.601286148886597 0
1711606966120 9.597519087858876 0
1711606966120 8.69034183635726 0
1711606966121 7.869056982546533 0
1711606966122 7.129493511294545 0
1711606966123 6.461079966967372 0
1711606966123 5.856614405438322 0
1711606966124 5.313697297174588 0
1711606966125 4.821031479875751 0
1711606966126 4.378764301477315 0
1711606966126 3.9767924417551708 0
1711606966127 3.6138285705139 0
1711606966128 3.28591758951222 0
1711606966129 2.988941940383727 0
1711606966130 2.7216258196189163 0
1711606966130 2.4809466922790104 0
1711606966131 2.2620042424761784 0
1711606966132 2.064923172957876 0
1711606966133 1.8861358973397655 0
1711606966134 1.725041142784302 0
1711606966134 1.5783649213036668 0
1711606966136 1.4462305780639841 0
1711606966136 1.325783899940491 0
1711606966137 1.216987921115464 0
1711606966138 1.1188598058139017 0
1711606966139 1.0306183386330718 0
1711606966139 0.9508661663439829 0
1711606966140 0.8778447088780315 0
