1711607627389 14498.23161610192 0
1711607627390 11801.02083466807 0
1711607627391 9605.4194285836 0
1711607627392 7822.288698230401 0
1711607627393 6363.876559919091 0
1711607627394 5200.6194884019205 0
1711607627395 4245.759934341776 0
1711607627396 3468.8377853296206 0
1711607627397 2845.027948491129 0
1711607627398 2329.885640219279 0
1711607627399 1897.7071670665298 0
1711607627399 1555.7227507597986 0
1711607627400 1267.519156575088 0
1711607627401 1052.5487130741835 0
1711607627402 866.0395374206439 0
1711607627403 706.1797581713536 0
1711607627404 592.1169982203427 0
1711607627405 483.1277816208923 0
1711607627405 403.7214399824127 0
1711607627406 330.08646750210346 0
1711607627407 271.76620091166234 0
1711607627408 222.48441945289318 0
1711607627409 182.42948442673423 0
1711607627410 149.53430202620848 0
1711607627410 122.61074159384343 0
1711607627411 100.74747893911125 0
1711607627412 83.2023191692549 0
1711607627413 69.75253941689884 0
1711607627414 58.46588381795843 0
1711607627415 48.7754520961989 0
1711607627415 40.44236188906671 0
1711607627416 34.74380419412621 0
1711607627417 28.949908392254233 0
1711607627418 24.222649063318762 0
1711607627419 20.36152823729879 0
1711607627420 17.20025340095688 0
1711607627420 14.594339878598358 0
1711607627421 12.476379264850234 0
1711607627422 10.928595437732081 0
1711607627423 9.470118063173071 0
1711607627424 8.283700703905001 0
1711607627425 7.317705076588129 0
1711607627425 6.526785925613544 0
1711607627426 5.8459163585363525 0
1711607627427 5.28125827525092 0
1711607627428 4.8183857469465 0
1711607627429 4.428913405728886 0
1711607627430 4.113971786805514 0
1711607627431 3.850549138042672 0
1711607627431 3.6259738723432937 0
1711607627432 3.4347860870047393 0
1711607627433 3.2797542314022423 0
1711607627434 3.1516693820379693 0
1711607627435 3.0275105802973012 0
1711607627435 2.9162294172094376 0
1711607627436 2.8283280801074677 0
1711607627437 2.741551909304355 0
1711607627438 2.6668224335963875 0
1711607627439 2.613781581807438 0
1711607627440 2.5611204465378354 0
1711607627441 2.5115740839212397 0
1711607627441 2.463953413474213 0
1711607627442 2.427325680332188 0
1711607627443 2.3902419577004017 0
1711607627444 2.354787399307014 0
1711607627445 2.3166332890235406 0
1711607627446 2.292663538344556 0
1711607627446 2.273693814771485 0
1711607627447 2.242129444707291 0
1711607627448 2.221478267225087 0
1711607627449 2.195443110500055 0
1711607627450 2.183007329606245 0
1711607627450 2.168832333615663 0
1711607627451 2.1479957758747332 0
1711607627452 2.1346332542222943 0
1711607627453 2.1211477357786666 0
1711607627454 2.110597076232639 0
1711607627455 2.0916676575149156 0
1711607627455 2.0854957210412066 0
1711607627456 2.077323218535651 0
1711607627457 2.0640191665398118 0
1711607627458 2.056136774696092 0
1711607627459 2.0401828669051794 0
1711607627460 2.0237877998344547 0
1711607627461 2.018294738773562 0
1711607627462 2.003339192620923 0
1711607627463 1.9969958967090597 0
1711607627463 1.9907174771466112 0
1711607627464 1.9881915454175838 0
1711607627465 1.984731518501996 0
1711607627466 1.9625456798723488 0
1711607627467 1.9515274245578735 0
1711607627467 1.9470042240414323 0
1711607627468 1.9235478294000257 0
1711607627469 1.9180311799598901 0
1711607627470 1.9050406956619377 0
1711607627471 1.8961369225161928 0
1711607627472 1.891925092036195 0
1711607627472 1.8887490526818442 0
1711607627473 1.882623417283131 0
