1711606969630 16039.936117471721 0
1711606969631 14479.642947996139 0
1711606969632 13070.794303356954 0
1711606969633 11814.65973794594 0
1711606969634 10669.289790056178 0
1711606969635 9634.610332748845 0
1711606969636 8701.062680351455 0
1711606969636 7868.175781950094 0
1711606969637 7121.117382014461 0
1711606969638 6440.3383737021695 0
1711606969639 5817.274598982241 0
1711606969639 5253.610552902198 0
1711606969640 4747.670260669751 0
1711606969641 4296.639589735043 0
1711606969642 3883.449146835471 0
1711606969642 3507.8634800860013 0
1711606969643 3170.5210816011445 0
1711606969644 2863.950427499269 0
1711606969645 2585.3537369743904 0
1711606969645 2334.408230681439 0
1711606969646 2110.6795739813156 0
1711606969647 1906.6320722966814 0
1711606969648 1721.5652737217542 0
1711606969648 1555.8274483604712 0
1711606969649 1408.1098295052109 0
1711606969650 1275.8263582048155 0
1711606969651 1152.8178914372334 0
1711606969651 1042.9320464677262 0
1711606969652 942.4523135026179 0
1711606969653 851.3970091603618 0
1711606969654 769.0352199769757 0
1711606969654 694.301769142394 0
1711606969655 627.0903435824519 0
1711606969656 566.210088473845 0
1711606969657 512.1175285100932 0
1711606969657 462.9291502229486 0
1711606969658 419.22135983046377 0
1711606969659 378.61507449857584 0
1711606969660 342.0003380905499 0
1711606969660 311.7137632406081 0
1711606969661 281.5478974165769 0
1711606969662 254.90922295616647 0
1711606969663 230.96128839135866 0
1711606969664 208.64304801125584 0
1711606969664 188.58611339426423 0
1711606969665 170.4213809968652 0
1711606969666 154.06869872657728 0
1711606969667 139.2092062771692 0
1711606969668 125.84604850678517 0
1711606969668 114.00743587768399 0
1711606969669 103.0640752549034 0
1711606969670 93.2345007432888 0
1711606969671 84.349006974978 0
1711606969671 76.27911281379937 0
1711606969672 68.98049596739303 0
1711606969673 62.39379147392836 0
1711606969674 56.44278797378687 0
1711606969674 51.05758442909215 0
1711606969675 46.23037885764809 0
1711606969676 41.93265336332832 0
1711606969677 37.95079005142391 0
1711606969677 34.47295177203437 0
1711606969678 31.227169038006092 0
1711606969679 28.296598458894742 0
1711606969680 25.69218333772015 0
1711606969681 23.290080461456302 0
1711606969681 21.119441953181596 0
1711606969682 19.156023771980838 0
1711606969683 17.396941037523906 0
1711606969684 15.836311878966418 0
1711606969684 14.400174819714762 0
1711606969685 13.082917964134461 0
1711606969686 11.893689760878376 0
1711606969687 10.847702851098173 0
1711606969687 9.870184267643605 0
1711606969688 8.994778712681894 0
1711606969689 8.20835231526124 0
1711606969690 7.494358368233059 0
1711606969690 6.837126689279158 0
1711606969691 6.265399057385271 0
1711606969692 5.742497522676434 0
1711606969693 5.25267920013965 0
1711606969693 4.821233197386944 0
1711606969694 4.420461422826677 0
1711606969695 4.061036543541574 0
1711606969696 3.734316505606756 0
1711606969696 3.4390392730395325 0
1711606969697 3.1688288765653128 0
1711606969698 2.9288071956590342 0
1711606969699 2.708309793397622 0
1711606969699 2.5079100153377727 0
1711606969701 2.326658829691307 0
1711606969701 2.1622595758213845 0
1711606969702 2.0121639124935258 0
1711606969703 1.8789468740300204 0
1711606969704 1.7573300646925292 0
1711606969705 1.6472633709768372 0
1711606969705 1.5511597968226745 0
1711606969706 1.4581638440970626 0
1711606969707 1.378326034892872 0
