1711607662067 14434.342459485826 0
1711607662068 11767.48353461447 0
1711607662069 9581.670180675192 0
1711607662070 7792.206050354094 0
1711607662072 6324.705610905243 0
1711607662072 5143.421736216043 0
1711607662073 4171.831914202609 0
1711607662074 3457.0750796529305 0
1711607662075 2803.913046064155 0
1711607662076 2289.176122487572 0
1711607662077 1866.9758922843455 0
1711607662078 1515.6444421726026 0
1711607662078 1231.525424792292 0
1711607662079 1002.3503073526025 0
1711607662080 819.9436410521199 0
1711607662081 666.9914952847282 0
1711607662082 543.1660461468907 0
1711607662083 453.56270623844694 0
1711607662084 370.11269286840894 0
1711607662084 301.1797414700051 0
1711607662085 255.66348398849146 0
1711607662086 210.45824791241841 0
1711607662087 172.05128285039444 0
1711607662088 140.38451495546494 0
1711607662089 114.82842986417063 0
1711607662090 94.44238074130574 0
1711607662090 77.35290343702123 0
1711607662091 64.95069545763565 0
1711607662092 53.48849251846229 0
1711607662093 44.64308295014151 0
1711607662094 36.99036006641488 0
1711607662095 30.975463168263392 0
1711607662096 25.797944171403614 0
1711607662096 21.660463763150126 0
1711607662097 18.25537022185838 0
1711607662098 16.015120678542043 0
1711607662099 13.65824367604751 0
1711607662100 11.74934554654037 0
1711607662101 10.214270537864461 0
1711607662102 8.938264906121278 0
1711607662103 7.813573628351155 0
1711607662104 6.9226597584642375 0
1711607662105 6.222701858747619 0
1711607662106 5.60483174442227 0
1711607662106 5.078157629146216 0
1711607662107 4.646699121192527 0
1711607662108 4.2862436006490165 0
1711607662109 3.9902351094043644 0
1711607662110 3.761482275804751 0
1711607662111 3.545932698434572 0
1711607662112 3.3753592620017145 0
1711607662112 3.225595930702797 0
1711607662113 3.086501116283991 0
1711607662114 2.9751092518930853 0
1711607662115 2.8813369508929183 0
1711607662116 2.8183539283511116 0
1711607662117 2.7469832981813243 0
1711607662117 2.6974674986919047 0
1711607662118 2.638640178225382 0
1711607662119 2.5960947448690437 0
1711607662120 2.556369010796113 0
1711607662121 2.510842302209504 0
1711607662122 2.4799054055456127 0
1711607662122 2.441269735832119 0
1711607662124 2.393713050123582 0
1711607662125 2.3381637532453325 0
1711607662126 2.31538539295073 0
1711607662127 2.293867819635114 0
1711607662130 2.2263648759946637 0
1711607662131 2.2077080053001548 0
1711607662132 2.1806150634410773 0
1711607662133 2.163918036738362 0
1711607662135 2.149201542075959 0
1711607662136 2.136607835606913 0
1711607662137 2.07831785101171 0
1711607662139 2.024075185609621 0
1711607662140 2.009557311842567 0
1711607662142 2.0005896415553526 0
1711607662143 1.9810719232706873 0
1711607662144 1.9658645612014687 0
1711607662145 1.9488953590773654 0
1711607662147 1.941107716531677 0
1711607662148 1.9358401487478019 0
1711607662149 1.9235004589662779 0
1711607662151 1.9025705046945518 0
1711607662152 1.8755216668056398 0
1711607662153 1.8421631770684899 0
1711607662154 1.833048897118523 0
1711607662156 1.8282660795723558 0
1711607662157 1.8209145110668077 0
1711607662158 1.8078702577039545 0
1711607662159 1.7945801651907791 0
1711607662160 1.7829063721836422 0
1711607662160 1.7726775292680457 0
1711607662161 1.769206918788969 0
1711607662162 1.7628200574671682 0
1711607662163 1.758997205548115 0
1711607662164 1.7566616490657008 0
1711607662165 1.7380840029886913 0
1711607662166 1.7344662611195227 0
