1711606958160 16110.85310413321 0
1711606958161 14687.816061159543 0
1711606958162 13300.02767596526 0
1711606958163 12062.241235990885 0
1711606958164 10958.491352798457 0
1711606958165 10079.111724378685 0
1711606958166 9499.028149809254 0
1711606958167 8765.890559912517 0
1711606958167 7979.867308958291 0
1711606958168 7296.522543068929 0
1711606958169 6634.1396599531445 0
1711606958170 6017.212408224615 0
1711606958170 5558.156801885409 0
1711606958171 5036.124804209084 0
1711606958172 4554.357317465784 0
1711606958173 4129.588567204475 0
1711606958174 3746.442498005692 0
1711606958174 3457.0874724996243 0
1711606958175 3139.631782244109 0
1711606958176 2846.7858284067943 0
1711606958177 2582.3340959621883 0
1711606958177 2355.456949069559 0
1711606958178 2166.943144639751 0
1711606958179 1977.306089383381 0
1711606958180 1792.3855313840356 0
1711606958180 1639.1362252948632 0
1711606958181 1500.9800369521963 0
1711606958182 1362.7547423851952 0
1711606958183 1241.8636881107243 0
1711606958183 1134.6611694378912 0
1711606958184 1040.2329600316336 0
1711606958185 951.9800254658869 0
1711606958186 885.9022779669384 0
1711606958186 805.036826651982 0
1711606958188 735.8938267308018 0
1711606958189 675.9873920236915 0
1711606958190 622.271180790357 0
1711606958191 566.556778094793 0
1711606958192 518.5129407948107 0
1711606958193 472.9121278391197 0
1711606958194 433.48688770678825 0
1711606958194 401.77943488058435 0
1711606958195 368.73933018221146 0
1711606958196 339.75053774047007 0
1711606958197 311.21857577476055 0
1711606958197 284.0908014735447 0
1711606958198 260.2398182895903 0
1711606958199 237.69042927729254 0
1711606958200 218.89042970492943 0
1711606958200 200.85316082033367 0
1711606958201 184.22217983691613 0
1711606958202 169.57515555514274 0
1711606958203 156.45458961300798 0
1711606958204 146.3314536301864 0
1711606958205 134.50359663024597 0
1711606958206 123.4822083926201 0
1711606958207 114.32302446464347 0
1711606958208 105.56053914169168 0
1711606958209 98.28449956126201 0
1711606958209 91.32585624077319 0
1711606958210 84.36268797466573 0
1711606958211 78.03510115457658 0
1711606958212 72.80772136141275 0
1711606958212 67.68872749854987 0
1711606958213 63.022696256934275 0
1711606958214 58.88233145667594 0
1711606958215 54.8332296563943 0
1711606958215 51.13777571074105 0
1711606958216 48.26670370353638 0
1711606958217 45.18704351063573 0
1711606958218 42.54275841174766 0
1711606958218 40.09118930552619 0
1711606958219 38.0870688528483 0
1711606958220 35.78432120887295 0
1711606958221 33.90233864966894 0
1711606958221 32.062319839185875 0
1711606958222 31.15204668375203 0
1711606958223 29.514165949144168 0
1711606958224 28.197679805553264 0
1711606958225 26.823494563713957 0
1711606958225 25.592171871307805 0
1711606958226 24.508312463703373 0
1711606958227 23.521788085534034 0
1711606958228 22.48212500752405 0
1711606958228 21.56105855396691 0
1711606958229 20.731405911502577 0
1711606958230 19.979060427708028 0
1711606958231 19.260885102563606 0
1711606958231 18.568315269612143 0
1711606958233 17.935069258885257 0
1711606958237 17.427284796672055 0
1711606958238 16.90283527819389 0
1711606958240 16.41955709866838 0
1711606958241 16.032322439267848 0
1711606958242 15.579647377386472 0
1711606958244 15.180057854631556 0
1711606958245 14.868539637167727 0
1711606958246 14.505224435719109 0
1711606958248 14.220081415872079 0
1711606958249 13.903201772788506 0
