1711606882091 17422.10789946483 0
1711606882092 17082.2630563782 0
1711606882093 16749.163030441945 0
1711606882094 16426.83244974397 0
1711606882095 16106.57388686395 0
1711606882095 15792.70735105792 0
1711606882096 15520.674023832433 0
1711606882097 15222.113872042335 0
1711606882097 14940.942811628724 0
1711606882098 14653.303210147416 0
1711606882099 14367.9231818275 0
1711606882100 14088.091538149418 0
1711606882101 13813.584588642852 0
1711606882102 13544.626715255126 0
1711606882102 13288.810311503745 0
1711606882103 13030.158686625988 0
1711606882104 12776.653732476052 0
1711606882104 12528.135880205633 0
1711606882105 12283.905818347343 0
1711606882106 12044.97141958142 0
1711606882107 11810.829215449072 0
1711606882107 11593.119566884341 0
1711606882108 11379.691608544274 0
1711606882109 11157.878695806106 0
1711606882110 10940.543520369685 0
1711606882110 10739.161791564824 0
1711606882111 10536.803997120993 0
1711606882112 10338.295751230498 0
1711606882113 10142.216614049714 0
1711606882114 9945.094346114945 0
1711606882115 9762.48156121285 0
1711606882116 9572.810767069384 0
1711606882116 9386.261037436614 0
1711606882117 9203.938208256533 0
1711606882118 9024.61553313028 0
1711606882118 8849.311046242601 0
1711606882119 8676.915407597386 0
1711606882120 8510.99158865272 0
1711606882121 8353.65281614445 0
1711606882121 8193.567493659308 0
1711606882122 8042.082508816983 0
1711606882123 7889.542977848466 0
1711606882123 7736.281194726944 0
1711606882124 7589.652271149163 0
1711606882125 7442.36825932387 0
1711606882126 7303.018544890723 0
1711606882126 7163.841248226865 0
1711606882127 7031.518217713383 0
1711606882128 6897.91865609726 0
1711606882129 6765.610933850692 0
1711606882129 6634.33264715742 0
1711606882130 6505.531570753875 0
1711606882131 6379.301968076738 0
1711606882132 6257.19682307487 0
1711606882132 6135.288075105947 0
1711606882133 6025.731681269065 0
1711606882134 5908.391878470596 0
1711606882134 5793.766527893493 0
1711606882135 5685.463004044025 0
1711606882136 5584.257983086827 0
1711606882137 5475.924383647757 0
1711606882137 5375.92520953006 0
1711606882138 5271.631776162756 0
1711606882139 5171.293598009742 0
1711606882139 5074.357756547408 0
1711606882140 4975.941828209529 0
1711606882141 4880.934864097909 0
1711606882142 4786.336560784809 0
1711606882142 4693.589350753508 0
1711606882143 4602.649952179661 0
1711606882144 4519.429271264676 0
1711606882144 4434.976397053782 0
1711606882145 4352.485066006682 0
1711606882146 4267.74119579219 0
1711606882147 4186.863247126953 0
1711606882147 4105.487629811969 0
1711606882148 4025.6270495093236 0
1711606882149 3947.600892511358 0
1711606882150 3882.033823096605 0
1711606882150 3806.525921297 0
1711606882151 3732.5214963192166 0
1711606882152 3662.982479628716 0
1711606882152 3594.650210154925 0
1711606882153 3525.0235533005844 0
1711606882154 3457.6529380563675 0
1711606882155 3392.141222963276 0
1711606882155 3327.963567768115 0
1711606882156 3264.712105651462 0
1711606882157 3201.2673209122695 0
1711606882157 3142.1789927067416 0
1711606882158 3081.140679782728 0
1711606882159 3023.5553740892274 0
1711606882160 2965.495441826726 0
1711606882161 2907.934294439313 0
1711606882162 2852.3980204568625 0
1711606882162 2799.4324368909997 0
1711606882163 2745.122507268494 0
1711606882164 2691.876558982423 0
1711606882164 2644.12786921437 0
1711606882165 2597.242981562945 0
