1711606988911 16043.285919465106 0
1711606988912 14495.974140019236 0
1711606988913 13086.135803364177 0
1711606988914 11871.469668498275 0
1711606988915 10741.107972863676 0
1711606988916 9704.162247558952 0
1711606988916 8760.7352337024 0
1711606988917 7909.597279420419 0
1711606988918 7139.791656265623 0
1711606988919 6448.255658701115 0
1711606988919 5821.833657635175 0
1711606988920 5264.697165173335 0
1711606988921 4767.598410553569 0
1711606988922 4313.417181195663 0
1711606988923 3894.2089499686613 0
1711606988923 3523.372508113699 0
1711606988924 3185.1836071233765 0
1711606988925 2880.367936275544 0
1711606988926 2605.2698494156366 0
1711606988926 2354.4303322021105 0
1711606988927 2128.0305958228287 0
1711606988928 1922.0690254319338 0
1711606988929 1736.7189102040634 0
1711606988930 1578.1852719190497 0
1711606988930 1438.6414422462522 0
1711606988931 1299.9283720447131 0
1711606988932 1174.9672156452098 0
1711606988933 1061.2993599742283 0
1711606988934 958.6765444203779 0
1711606988934 865.9223564991593 0
1711606988935 781.8804121774812 0
1711606988936 706.7411274934238 0
1711606988937 638.5570068977007 0
1711606988937 576.9241586413004 0
1711606988938 522.1640508688938 0
1711606988939 475.21944932467136 0
1711606988940 430.00061826691535 0
1711606988940 390.0935307512046 0
1711606988941 352.5943818445113 0
1711606988942 319.5342340615471 0
1711606988943 288.8987994233288 0
1711606988944 261.0073683669385 0
1711606988944 236.13031624066457 0
1711606988945 213.68903881109927 0
1711606988946 193.7403132907957 0
1711606988947 175.21888353352205 0
1711606988947 158.4427023084023 0
1711606988948 143.24570853528783 0
1711606988949 129.49278057872206 0
1711606988950 117.06619573451775 0
1711606988950 105.86467517551097 0
1711606988951 96.27477554558206 0
1711606988952 87.0868470461061 0
1711606988953 78.807201000039 0
1711606988953 71.28977569586984 0
1711606988954 64.69320803116379 0
1711606988955 58.676268404824036 0
1711606988956 53.14772001159281 0
1711606988956 48.20667006356102 0
1711606988957 44.023192543223864 0
1711606988958 40.12994444072654 0
1711606988959 36.70901115362964 0
1711606988959 33.38320556770149 0
1711606988960 30.28100248781033 0
1711606988961 27.50855430086045 0
1711606988962 25.017874470672655 0
1711606988962 22.716813468433784 0
1711606988963 20.638076585888246 0
1711606988964 18.845857973175832 0
1711606988965 17.138168341015994 0
1711606988965 15.60565678321762 0
1711606988966 14.218138858428746 0
1711606988967 13.040987667896546 0
1711606988968 11.90224771959007 0
1711606988968 10.867959820585178 0
1711606988969 9.930963209858252 0
1711606988970 9.077102304638617 0
1711606988971 8.305585468813222 0
1711606988972 7.61566570619391 0
1711606988972 6.981168724175488 0
1711606988973 6.495752182489366 0
1711606988974 5.973788567111822 0
1711606988974 5.499176225715155 0
1711606988975 5.069268476963928 0
1711606988976 4.681997776854965 0
1711606988977 4.326081727964569 0
1711606988978 4.005251779354611 0
1711606988978 3.713370030988927 0
1711606988979 3.450873223745557 0
1711606988980 3.211864775848279 0
1711606988981 2.990623530005493 0
1711606988981 2.793441199966209 0
1711606988982 2.6152367835568757 0
1711606988983 2.4536785582577942 0
1711606988984 2.317752776070194 0
1711606988985 2.187099117510266 0
1711606988986 2.062616481152634 0
1711606988986 1.948343256716258 0
1711606988987 1.854135670369285 0
1711606988988 1.7596840856037919 0
