1711606962236 16038.48180706644 0
1711606962238 14476.75675409598 0
1711606962239 13066.996097274301 0
1711606962240 11794.64013346482 0
1711606962242 10645.99130831371 0
1711606962243 9609.349753757037 0
1711606962244 8673.613334411872 0
1711606962244 7829.02951023579 0
1711606962245 7066.620842614127 0
1711606962246 6378.540797331668 0
1711606962247 5757.401753637945 0
1711606962247 5196.806626957999 0
1711606962248 4690.779918708123 0
1711606962249 4234.051056640531 0
1711606962250 3821.7630269774713 0
1711606962250 3449.656353813036 0
1711606962251 3113.747153523025 0
1711606962252 2810.5655427990455 0
1711606962253 2536.9250267958055 0
1711606962253 2289.8904978615337 0
1711606962254 2066.948465688665 0
1711606962255 1865.7276839269339 0
1711606962256 1684.0535429344816 0
1711606962257 1520.1029206724102 0
1711606962257 1372.0846694250063 0
1711606962258 1238.4860528832837 0
1711606962260 1117.8938834096293 0
1711606962260 1009.0479796206748 0
1711606962261 910.8017941025244 0
1711606962262 822.1259353315432 0
1711606962263 742.0892899808192 0
1711606962264 669.8349667127527 0
1711606962264 604.6259830919266 0
1711606962265 545.7607716250052 0
1711606962266 492.6233370812448 0
1711606962267 444.6643791585881 0
1711606962267 401.3726798621172 0
1711606962268 362.29581356077705 0
1711606962269 327.0267198285459 0
1711606962270 295.18965871479173 0
1711606962270 266.451023089821 0
1711606962271 240.51552885332336 0
1711606962272 217.09928987515258 0
1711606962273 195.96455481353658 0
1711606962273 176.88733804955842 0
1711606962274 159.6694204064991 0
1711606962275 144.12572011590342 0
1711606962276 130.09925685176498 0
1711606962276 117.43410980170432 0
1711606962277 106.00282191884982 0
1711606962278 95.68440561427573 0
1711606962279 86.3709990541169 0
1711606962279 77.96263417592081 0
1711606962280 70.37347264421118 0
1711606962281 63.52384064361993 0
1711606962282 57.34054593135845 0
1711606962282 51.75877049490189 0
1711606962283 46.7207411518829 0
1711606962284 42.17282475986869 0
1711606962285 38.0685135324809 0
1711606962285 34.363277204003595 0
1711606962286 31.01835322866743 0
1711606962287 27.999382701431703 0
1711606962288 25.273917138371047 0
1711606962288 22.813832958608707 0
1711606962289 20.59358755615467 0
1711606962290 18.589216646589126 0
1711606962291 16.779776877678824 0
1711606962291 15.146636560109968 0
1711606962292 13.672439869151269 0
1711606962293 12.3418167143869 0
1711606962294 11.140588505375604 0
1711606962294 10.056364541090456 0
1711606962295 9.077625309660647 0
1711606962296 8.194200891198337 0
1711606962297 7.396657825809921 0
1711606962297 6.676868001070533 0
1711606962298 6.0270455945243695 0
1711606962299 5.440503934942734 0
1711606962300 4.911092981471872 0
1711606962301 4.433243734510002 0
1711606962301 4.001923625033716 0
1711606962302 3.6124937707315525 0
1711606962303 3.2610628656192517 0
1711606962304 2.94385666555873 0
1711606962305 2.6574460553253076 0
1711606962306 2.3988704402007657 0
1711606962307 2.165518157380819 0
1711606962307 1.9548467376839753 0
1711606962308 1.764703011535306 0
1711606962309 1.5930231158050583 0
1711606962310 1.4381030862234798 0
1711606962310 1.2982281175669077 0
1711606962311 1.1719970223901828 0
1711606962312 1.0580299008995566 0
1711606962313 0.955149521542294 0
1711606962313 0.8622998157367473 0
1711606962314 0.7784883228538397 0
1711606962315 0.7028182784893722 0
1711606962316 0.6345152919780533 0
