1711607011444 14629.476883401487 0
1711607011445 11870.077884111597 0
1711607011445 9693.553543055306 0
1711607011446 7956.086178809064 0
1711607011447 6493.005431413925 0
1711607011448 5335.530214122263 0
1711607011449 4388.632248928131 0
1711607011450 3566.6792126185933 0
1711607011451 2905.033160805388 0
1711607011451 2362.1043368767027 0
1711607011452 1947.2505443508953 0
1711607011453 1583.4293765200725 0
1711607011453 1288.9283496246899 0
1711607011454 1050.8374452267517 0
1711607011455 855.4943607510386 0
1711607011456 699.1989462906512 0
1711607011456 571.1215566997437 0
1711607011457 467.3483911498471 0
1711607011458 382.7982696759758 0
1711607011459 319.49241988791493 0
1711607011459 262.4658664665645 0
1711607011460 215.69738906155217 0
1711607011461 181.76227248588526 0
1711607011462 149.89258801993512 0
1711607011462 124.25807952677471 0
1711607011463 103.0980879538097 0
1711607011464 86.13943390853187 0
1711607011464 71.69739725712975 0
1711607011465 60.682984865652074 0
1711607011466 51.24266090354441 0
1711607011466 44.11191360689855 0
1711607011467 37.43276094174654 0
1711607011468 31.980562582504437 0
1711607011469 27.517539916234963 0
1711607011469 23.86144442206913 0
1711607011470 21.055964402556235 0
1711607011471 18.55939978512168 0
1711607011472 16.52930453720053 0
1711607011472 14.859176978804722 0
1711607011473 13.735420782478373 0
1711607011474 12.474242711528658 0
1711607011474 11.469387380067001 0
1711607011475 10.509337988001024 0
1711607011476 9.759261309000818 0
1711607011477 9.151146509166004 0
1711607011478 8.570587454941371 0
1711607011478 8.183930613138672 0
1711607011479 7.845456340082136 0
1711607011480 7.551000273207202 0
1711607011480 7.271882621457548 0
1711607011481 7.049693586547204 0
1711607011482 6.859473150407246 0
1711607011482 6.653966564757558 0
1711607011483 6.492409017293426 0
1711607011484 6.347387043535156 0
1711607011485 6.228004658782228 0
1711607011485 6.10186441600561 0
1711607011486 6.009784478320625 0
1711607011487 5.937180590145256 0
1711607011487 5.850585278322085 0
1711607011488 5.7855094807056675 0
1711607011489 5.6963962514701505 0
1711607011490 5.622672565456508 0
1711607011490 5.568797386100729 0
1711607011491 5.525572634683625 0
1711607011492 5.487545315568873 0
1711607011492 5.445491242735979 0
1711607011493 5.3561220633095195 0
1711607011494 5.29976616079514 0
1711607011495 5.242779182287323 0
1711607011495 5.130262356990525 0
1711607011496 5.108574686077605 0
1711607011497 5.086063237030285 0
1711607011497 5.071032454627752 0
1711607011498 5.031125445495065 0
1711607011499 5.01635156708947 0
1711607011500 4.99941478557217 0
1711607011501 4.91010549509252 0
1711607011501 4.8759398799884055 0
1711607011502 4.865151507927502 0
1711607011503 4.822377387419255 0
1711607011504 4.814898034974657 0
1711607011504 4.748097109694499 0
1711607011505 4.739774671852389 0
1711607011506 4.684470180592937 0
1711607011506 4.6773422939588345 0
1711607011507 4.5627286662135385 0
1711607011508 4.556892177060224 0
1711607011509 4.5290676505613225 0
1711607011509 4.4997732123412115 0
1711607011510 4.409633903604606 0
1711607011511 4.391200611153021 0
1711607011512 4.381726300295802 0
1711607011512 4.348541810060242 0
1711607011513 4.332552655238979 0
1711607011514 4.3187460811417475 0
1711607011515 4.305610113209187 0
1711607011515 4.288960827046884 0
1711607011516 4.283080931836337 0
1711607011517 4.27623456385903 0
