1711606985346 16037.972398735734 0
1711606985347 14487.731280179278 0
1711606985349 13101.313046539806 0
1711606985350 11825.884806535387 0
1711606985351 10675.170617030642 0
1711606985352 9641.668659646119 0
1711606985353 8702.820259208951 0
1711606985355 7856.0087229212995 0
1711606985357 7091.558989878614 0
1711606985359 6401.569233040102 0
1711606985360 5785.210575488281 0
1711606985361 5221.7480758365555 0
1711606985363 4713.420011767716 0
1711606985364 4254.795568090098 0
1711606985365 3840.596711091814 0
1711606985366 3469.5754491120374 0
1711606985368 3133.160351359264 0
1711606985369 2829.3349618038983 0
1711606985370 2556.2005432926753 0
1711606985371 2307.505036650318 0
1711606985372 2084.74297953195 0
1711606985373 1885.4812073072344 0
1711606985375 1702.4459797292172 0
1711606985376 1536.8198729886906 0
1711606985377 1387.4594935745035 0
1711606985380 1252.824069744243 0
1711606985381 1130.9933257809162 0
1711606985382 1021.3709464837 0
1711606985384 922.043518838839 0
1711606985385 832.3908724610183 0
1711606985386 751.5751812229487 0
1711606985387 678.5467566078399 0
1711606985387 612.5583156375617 0
1711606985388 553.0579951233858 0
1711606985389 499.27523220916873 0
1711606985390 450.75588259305664 0
1711606985390 406.9409682278919 0
1711606985391 367.50432282798744 0
1711606985392 331.9375918279293 0
1711606985393 299.92914604584365 0
1711606985394 270.789407244473 0
1711606985394 244.55650192040667 0
1711606985395 220.81309699982785 0
1711606985396 199.4443358960572 0
1711606985397 180.14130135405443 0
1711606985397 162.67127935023572 0
1711606985398 146.90619088456006 0
1711606985399 132.67049124880342 0
1711606985400 119.8666647546888 0
1711606985401 108.2553110089845 0
1711606985403 97.78729628465955 0
1711606985404 88.33565240659088 0
1711606985406 79.7930491554815 0
1711606985407 72.13865657648246 0
1711606985409 65.18032085694075 0
1711606985410 58.88860591118837 0
1711606985411 53.212777277612894 0
1711606985411 48.10571961098124 0
1711606985412 43.48506029520013 0
1711606985413 39.305842650555334 0
1711606985414 35.53756040515458 0
1711606985415 32.135626554546306 0
1711606985416 29.070654484114776 0
1711606985417 26.2893635968705 0
1711606985418 23.794359065405285 0
1711606985419 21.526920176991123 0
1711606985419 19.479163251978196 0
1711606985420 17.62901653862374 0
1711606985421 15.968017092721558 0
1711606985422 14.463885993361933 0
1711606985422 13.099154418636827 0
1711606985423 11.872721000000562 0
1711606985424 10.761405721129215 0
1711606985425 9.760530457362737 0
1711606985425 8.85551840981582 0
1711606985426 8.036278910104079 0
1711606985427 7.298182480481662 0
1711606985428 6.630906032121113 0
1711606985428 6.02630409079732 0
1711606985429 5.4802626307762905 0
1711606985430 4.98673245653648 0
1711606985431 4.543261661814183 0
1711606985432 4.139932391461028 0
1711606985432 3.7742159691842585 0
1711606985433 3.4454599504826593 0
1711606985434 3.14661655148742 0
1711606985435 2.87693980000662 0
1711606985436 2.635848878462714 0
1711606985436 2.415144110480407 0
1711606985437 2.216593012767967 0
1711606985438 2.0357745337191586 0
1711606985439 1.8734828822282266 0
1711606985439 1.7258748175069025 0
1711606985440 1.5932408251437493 0
1711606985441 1.4712827344683876 0
1711606985442 1.3607498700493663 0
1711606985442 1.2619595032465865 0
1711606985443 1.172623651580132 0
1711606985444 1.0911389342149174 0
1711606985445 1.0170201419743736 0
