1711607592853 16038.48180706644 0
1711607592854 14476.75675409598 0
1711607592856 13066.9960972743 0
1711607592857 11794.64013346482 0
1711607592858 10645.99130831371 0
1711607592860 9609.349753757037 0
1711607592861 8673.613334411872 0
1711607592862 7829.02951023579 0
1711607592864 7066.620842614126 0
1711607592864 6378.540797331668 0
1711607592865 5757.401753637945 0
1711607592866 5196.806626957998 0
1711607592867 4690.779918708123 0
1711607592868 4234.05105664053 0
1711607592869 3821.7630269774713 0
1711607592869 3449.656353813036 0
1711607592870 3113.747153523025 0
1711607592871 2810.5655427990446 0
1711607592872 2536.9250267958055 0
1711607592873 2289.8904978615337 0
1711607592874 2066.948465688665 0
1711607592874 1865.7276839269343 0
1711607592875 1684.0535429344816 0
1711607592876 1520.1029206724102 0
1711607592877 1372.0846694250063 0
1711607592878 1238.4860528832835 0
1711607592879 1117.893883409629 0
1711607592879 1009.0479796206746 0
1711607592880 910.8017941025242 0
1711607592881 822.1259353315432 0
1711607592882 742.0892899808191 0
1711607592883 669.8349667127526 0
1711607592884 604.6259830919266 0
1711607592884 545.7607716250051 0
1711607592885 492.6233370812449 0
1711607592886 444.66437915858825 0
1711607592887 401.37267986211725 0
1711607592888 362.2958135607771 0
1711607592888 327.0267198285459 0
1711607592889 295.18965871479173 0
1711607592890 266.4510230898209 0
1711607592891 240.51552885332327 0
1711607592892 217.0992898751525 0
1711607592892 195.96455481353655 0
1711607592893 176.88733804955842 0
1711607592894 159.6694204064991 0
1711607592895 144.1257201159034 0
1711607592896 130.09925685176495 0
1711607592897 117.43410980170432 0
1711607592897 106.00282191884979 0
1711607592898 95.68440561427572 0
1711607592899 86.3709990541169 0
1711607592900 77.9626341759208 0
1711607592901 70.37347264421115 0
1711607592902 63.5238406436199 0
1711607592903 57.34054593135845 0
1711607592904 51.75877049490187 0
1711607592904 46.720741151882876 0
1711607592905 42.172824759868675 0
1711607592906 38.06851353248089 0
1711607592907 34.36327720400359 0
1711607592908 31.01835322866742 0
1711607592909 27.999382701431696 0
1711607592909 25.273917138371043 0
1711607592910 22.813832958608707 0
1711607592911 20.59358755615467 0
1711607592912 18.589216646589126 0
1711607592913 16.779776877678827 0
1711607592913 15.14663656010997 0
1711607592914 13.67243986915127 0
1711607592915 12.341816714386912 0
1711607592916 11.140588505375614 0
1711607592917 10.056364541090467 0
1711607592918 9.077625309660656 0
1711607592918 8.194200891198346 0
1711607592919 7.396657825809927 0
1711607592920 6.676868001070541 0
1711607592921 6.0270455945243775 0
1711607592922 5.440503934942742 0
1711607592923 4.91109298147188 0
1711607592924 4.43324373451001 0
1711607592925 4.001923625033724 0
1711607592926 3.612493770731559 0
1711607592926 3.2610628656192584 0
1711607592927 2.943856665558736 0
1711607592928 2.6574460553253134 0
1711607592929 2.398870440200766 0
1711607592930 2.16551815738082 0
1711607592931 1.954846737683972 0
1711607592932 1.764703011535303 0
1711607592932 1.5930231158050556 0
1711607592933 1.4381030862234765 0
1711607592934 1.2982281175669041 0
1711607592935 1.1719970223901794 0
1711607592936 1.0580299008995537 0
1711607592937 0.9551495215422907 0
1711607592937 0.8622998157367437 0
1711607592938 0.7784883228538362 0
1711607592939 0.7028182784893688 0
1711607592940 0.6345152919780509 0
