1711606932458 17420.283176413963 0
1711606932459 17075.024591047746 0
1711606932460 16739.66581467414 0
1711606932461 16407.893213844236 0
1711606932462 16083.95333549987 0
1711606932463 15768.388950910825 0
1711606932463 15461.696599404895 0
1711606932464 15154.94903629721 0
1711606932465 14854.04435769979 0
1711606932466 14559.378224971928 0
1711606932466 14272.08085380631 0
1711606932467 13991.279271273304 0
1711606932468 13714.134407873977 0
1711606932469 13441.870322961104 0
1711606932469 13178.594506132606 0
1711606932470 12918.244826263704 0
1711606932471 12662.150120438011 0
1711606932472 12415.320832282456 0
1711606932472 12184.283183919795 0
1711606932473 11943.97945860598 0
1711606932474 11707.138596967447 0
1711606932475 11475.690975480444 0
1711606932475 11249.862257369912 0
1711606932476 11026.876931642491 0
1711606932477 10812.885760348878 0
1711606932477 10599.497355674894 0
1711606932478 10389.414120393882 0
1711606932479 10183.18169120894 0
1711606932480 9986.921363186113 0
1711606932480 9795.873492249093 0
1711606932481 9601.843760033093 0
1711606932482 9411.62730564581 0
1711606932483 9225.43261850924 0
1711606932483 9044.081022073213 0
1711606932484 8866.791743979433 0
1711606932485 8691.320221584348 0
1711606932486 8520.87329693447 0
1711606932486 8363.032669209499 0
1711606932487 8197.659194876036 0
1711606932488 8035.579018667248 0
1711606932489 7877.275935262023 0
1711606932489 7722.713946236048 0
1711606932490 7571.412593157487 0
1711606932491 7421.205048971356 0
1711606932491 7275.36678496371 0
1711606932492 7131.437573715261 0
1711606932493 6990.14098723692 0
1711606932494 6851.403527512391 0
1711606932494 6718.252981266564 0
1711606932495 6586.21793147656 0
1711606932496 6456.198254468108 0
1711606932497 6329.067765205772 0
1711606932497 6211.706292445938 0
1711606932498 6088.63599498019 0
1711606932499 5970.303910977337 0
1711606932500 5852.311657890188 0
1711606932501 5736.551324468535 0
1711606932501 5627.1164672794475 0
1711606932502 5517.28919660762 0
1711606932503 5408.181126889287 0
1711606932504 5301.30265255715 0
1711606932504 5196.998828996203 0
1711606932505 5094.176380457572 0
1711606932506 4993.062179682279 0
1711606932507 4895.643342012056 0
1711606932507 4799.25984314545 0
1711606932508 4705.6792814104165 0
1711606932509 4612.823029980529 0
1711606932510 4521.923653017037 0
1711606932510 4432.381583632348 0
1711606932511 4344.630167743017 0
1711606932512 4259.710268839805 0
1711606932513 4176.062971530142 0
1711606932513 4093.617893935767 0
1711606932514 4012.402360568111 0
1711606932515 3932.859946988732 0
1711606932516 3855.606402851229 0
1711606932516 3779.2408085130282 0
1711606932517 3704.4256550108294 0
1711606932518 3633.826537005307 0
1711606932519 3568.037125591254 0
1711606932519 3497.4133201220443 0
1711606932520 3428.328111644164 0
1711606932521 3360.260699543826 0
1711606932521 3294.3931391128535 0
1711606932522 3229.152007329672 0
1711606932523 3166.0792012689344 0
1711606932524 3104.639175748225 0
1711606932525 3042.994618528565 0
1711606932525 2985.1770320415926 0
1711606932526 2926.42711097399 0
1711606932527 2868.7278669268326 0
1711606932527 2811.777990437843 0
1711606932529 2759.6227600133934 0
1711606932530 2704.9282603286197 0
1711606932531 2654.045382123533 0
1711606932531 2601.3361632293713 0
1711606932532 2550.445592868327 0
1711606932533 2500.0933480395083 0
1711606932534 2450.7373745453315 0
