1711607001132 14850.612201151935 0
1711607001133 12207.792464230282 0
1711607001134 10269.536192785738 0
1711607001135 8668.89653179893 0
1711607001136 7471.75695737045 0
1711607001137 6330.362087959847 0
1711607001138 5457.248612226359 0
1711607001138 4482.153605033028 0
1711607001139 3828.9652417262064 0
1711607001140 3255.957638436156 0
1711607001141 2687.9806519595395 0
1711607001141 2241.3702838610934 0
1711607001142 1869.3895469063496 0
1711607001143 1559.5401640922128 0
1711607001144 1302.5203418765502 0
1711607001144 1111.168533177372 0
1711607001145 946.3389676052257 0
1711607001146 829.1246381836881 0
1711607001147 774.55776330708 0
1711607001148 644.0020953863635 0
1711607001148 543.5554741658771 0
1711607001149 467.4398897126811 0
1711607001150 406.65954878164973 0
1711607001150 341.15921569238907 0
1711607001151 302.65049651185035 0
1711607001152 259.7185549230933 0
1711607001153 242.82836344593855 0
1711607001154 207.57890287585803 0
1711607001155 180.2578449397388 0
1711607001155 161.05932464864475 0
1711607001156 145.8760336394147 0
1711607001157 127.34751521423811 0
1711607001158 112.61752623696177 0
1711607001158 99.18668410588577 0
1711607001159 90.19532177793938 0
1711607001160 80.30014339321127 0
1711607001161 71.9733152638435 0
1711607001162 65.26752815217411 0
1711607001162 59.36300342094061 0
1711607001163 54.602553378018676 0
1711607001164 50.704230060786315 0
1711607001165 47.744514851621474 0
1711607001165 44.84548286873249 0
1711607001166 42.21613340043553 0
1711607001167 39.815532919248064 0
1711607001168 37.81161534734201 0
1711607001168 36.16123802954499 0
1711607001169 34.08592146575379 0
1711607001170 32.809291477163164 0
1711607001171 31.72374031391013 0
1711607001171 30.728947632650776 0
1711607001172 29.889777526522554 0
1711607001173 28.959868792585404 0
1711607001174 28.270864782549577 0
1711607001174 27.61244015812262 0
1711607001175 26.747396196706678 0
1711607001176 26.260678632642776 0
1711607001177 25.814995211295813 0
1711607001177 25.183043593672544 0
1711607001178 24.743105879971743 0
1711607001179 24.241454640323106 0
1711607001180 23.52424687599122 0
1711607001181 23.110685374863095 0
1711607001181 22.83246662005979 0
1711607001182 22.62834699009299 0
1711607001183 22.42047085171253 0
1711607001184 21.77422317929279 0
1711607001184 21.367585443225874 0
1711607001185 21.072655131133892 0
1711607001186 20.845499270030817 0
1711607001187 20.577631041297863 0
1711607001187 20.477001012474002 0
1711607001188 20.121916692667174 0
1711607001189 19.90596864589345 0
1711607001190 19.780135473635813 0
1711607001190 19.660268323750365 0
1711607001191 19.556765641792133 0
1711607001192 19.222055474254248 0
1711607001193 19.14914669616303 0
1711607001193 19.080797029347508 0
1711607001194 18.977029927332026 0
1711607001195 18.89216662445516 0
1711607001196 18.783223196571342 0
1711607001197 18.629694489167214 0
1711607001197 18.4484462669264 0
1711607001198 18.398599375689745 0
1711607001199 18.352736089163507 0
1711607001200 18.242336838473708 0
1711607001200 18.127210844894446 0
1711607001201 17.94615725291781 0
1711607001202 17.874220846550703 0
1711607001203 17.832962825329606 0
1711607001204 17.782689934885436 0
1711607001205 17.706678191601654 0
1711607001206 17.67026219653799 0
1711607001206 17.472620629816074 0
1711607001207 17.341647198830756 0
1711607001208 17.28895305374738 0
1711607001209 17.208457473905565 0
1711607001209 17.18111758929598 0
