1711607617094 16046.16342309142 0
1711607617095 14490.74885876801 0
1711607617096 13087.690451457102 0
1711607617097 11816.128912739443 0
1711607617099 10704.259532757194 0
1711607617100 9663.016397616222 0
1711607617101 8722.896412762138 0
1711607617102 7873.162824301384 0
1711607617102 7109.619300583782 0
1711607617103 6419.193290650881 0
1711607617104 5794.888402299527 0
1711607617105 5230.894031257999 0
1711607617106 4726.158579728948 0
1711607617107 4267.185414238106 0
1711607617107 3851.934578357225 0
1711607617108 3478.740596787113 0
1711607617109 3141.0607879514027 0
1711607617110 2835.386060445008 0
1711607617111 2559.2544666076033 0
1711607617112 2314.251712174266 0
1711607617112 2089.258497113501 0
1711607617113 1885.8634523971816 0
1711607617114 1703.1061620242629 0
1711607617115 1537.4438425568605 0
1711607617116 1388.202789257718 0
1711607617116 1253.1001039645816 0
1711607617117 1131.1544318253195 0
1711607617118 1021.1485261785972 0
1711607617119 922.164155376018 0
1711607617120 833.1030933351948 0
1711607617121 752.1299113718303 0
1711607617121 679.4571288187981 0
1711607617122 613.4220486606855 0
1711607617123 553.8576875170991 0
1711607617124 500.10064134700303 0
1711607617125 451.5215983547162 0
1711607617127 407.7652448050649 0
1711607617128 368.19489794099644 0
1711607617129 332.47056541809513 0
1711607617130 300.3055195660152 0
1711607617132 271.25650253307697 0
1711607617133 245.00985529417872 0
1711607617134 221.28494618588883 0
1711607617135 199.82291209657922 0
1711607617137 180.45817144124123 0
1711607617138 163.03697198349445 0
1711607617139 147.2803542614409 0
1711607617141 133.02959308442072 0
1711607617142 120.18595013698342 0
1711607617143 108.56569978211962 0
1711607617144 98.18407292307228 0
1711607617146 88.80618905769245 0
1711607617147 80.27617380686709 0
1711607617148 72.53045927213408 0
1711607617150 65.57356848328729 0
1711607617151 59.31342855493837 0
1711607617152 53.60009078813955 0
1711607617153 48.44163315018783 0
1711607617155 43.79824263177015 0
1711607617156 39.6125559736619 0
1711607617157 35.814472242235176 0
1711607617158 32.42490517622858 0
1711607617160 29.329472686234766 0
1711607617161 26.546002306864953 0
1711607617162 24.021366407489573 0
1711607617162 21.73939064098718 0
1711607617163 19.68216959736103 0
1711607617164 17.821740910982513 0
1711607617165 16.14115045011145 0
1711607617166 14.630530278664768 0
1711607617167 13.259263279597187 0
1711607617168 12.025764692406229 0
1711607617169 10.905647352658203 0
1711607617170 9.896279716282152 0
1711607617171 8.987881847916414 0
1711607617171 8.162054302528041 0
1711607617172 7.4178389079474565 0
1711607617173 6.744920414440038 0
1711607617174 6.134751926620083 0
1711607617175 5.5855247005337265 0
1711607617176 5.090226855082343 0
1711607617176 4.640617327051644 0
1711607617177 4.235438883969163 0
1711607617178 3.8688610118878293 0
1711607617179 3.5370348213957437 0
1711607617180 3.236445566596027 0
1711607617181 2.9713882003150673 0
1711607617181 2.7256064515222698 0
1711607617182 2.5036234545166662 0
1711607617183 2.3015940675119246 0
1711607617184 2.121546754057542 0
1711607617185 1.9570361925774153 0
1711607617186 1.8077773684890321 0
1711607617186 1.6717710657840281 0
1711607617187 1.5497926345658517 0
1711607617188 1.4388853195768654 0
1711607617190 1.3389374104024556 0
1711607617191 1.247913779312889 0
1711607617192 1.165391699006113 0
1711607617193 1.0904963960295224 0
