1711607597060 16038.85698715906 0
1711607597061 14478.9278160062 0
1711607597062 13069.812029776822 0
1711607597063 11806.244006844661 0
1711607597064 10658.015803795104 0
1711607597066 9620.657062953052 0
1711607597067 8684.088463103213 0
1711607597068 7839.284560588531 0
1711607597068 7081.579002152097 0
1711607597069 6392.137338854587 0
1711607597070 5770.254476225894 0
1711607597071 5210.090728763479 0
1711607597072 4706.556446368512 0
1711607597073 4285.1025489224985 0
1711607597074 3867.957995514064 0
1711607597074 3491.9182914205485 0
1711607597075 3152.3359501147165 0
1711607597076 2847.428089631059 0
1711607597077 2570.7012066933644 0
1711607597078 2321.1708350341364 0
1711607597079 2095.336412185601 0
1711607597080 1891.5338885610631 0
1711607597080 1709.510280183314 0
1711607597081 1543.2600377301578 0
1711607597082 1393.2863256307985 0
1711607597083 1258.4245512122586 0
1711607597084 1136.5298221983517 0
1711607597085 1026.0230258498686 0
1711607597086 926.3816638454189 0
1711607597086 837.9480937816878 0
1711607597087 756.5557706109776 0
1711607597088 683.374567756925 0
1711607597089 617.0996626843987 0
1711607597090 557.1645205944862 0
1711607597091 503.06916481479766 0
1711607597091 454.4885368373435 0
1711607597092 410.36348780654 0
1711607597093 370.59653381370794 0
1711607597094 334.70509688577823 0
1711607597095 302.3949719084687 0
1711607597096 273.20417180091476 0
1711607597096 247.11567189844638 0
1711607597097 223.19413473738294 0
1711607597098 201.58219026468612 0
1711607597099 182.07715072590557 0
1711607597100 164.44988424633772 0
1711607597100 148.54244504171257 0
1711607597102 134.20087114443356 0
1711607597102 121.2293766029259 0
1711607597103 109.59336650835182 0
1711607597104 99.01515958033407 0
1711607597105 89.45910658578931 0
1711607597106 80.87821231420983 0
1711607597107 73.09898565534876 0
1711607597108 66.05893908304172 0
1711607597108 59.741630130551584 0
1711607597109 54.06235675951972 0
1711607597110 48.884645618673595 0
1711607597111 44.197344317597484 0
1711607597112 39.98419387240264 0
1711607597113 36.15737101903201 0
1711607597113 32.70696314527629 0
1711607597114 29.61097625328046 0
1711607597115 26.791189206500633 0
1711607597116 24.249859851008846 0
1711607597117 21.952245884200526 0
1711607597117 19.878719818106642 0
1711607597118 18.01230788030197 0
1711607597119 16.320709552591005 0
1711607597120 14.794061384461289 0
1711607597121 13.40946477071745 0
1711607597122 12.155222395150076 0
1711607597122 11.026917000426446 0
1711607597123 10.005313901048744 0
1711607597124 9.08166409447635 0
1711607597125 8.252526826540157 0
1711607597126 7.496265638256777 0
1711607597127 6.815405432989357 0
1711607597128 6.200524319602073 0
1711607597130 5.642197259784696 0
1711607597131 5.137102311243968 0
1711607597132 4.681394977401924 0
1711607597134 4.266591022978387 0
1711607597135 3.891456470729428 0
1711607597136 3.5561136057313503 0
1711607597137 3.2506424676006165 0
1711607597139 2.9786273092274644 0
1711607597140 2.726894162829321 0
1711607597141 2.500158506847816 0
1711607597143 2.295266280678159 0
1711607597144 2.109495990167728 0
1711607597145 1.9406966603369975 0
1711607597146 1.7874506615469148 0
1711607597147 1.6485239701343894 0
1711607597149 1.5231669341903857 0
1711607597150 1.4094910207954172 0
1711607597151 1.3073143145339725 0
1711607597153 1.2140359770808002 0
1711607597154 1.129958269170543 0
1711607597155 1.0533000270965869 0
