1711607620984 16055.27360130393 0
1711607620985 14794.718853000522 0
1711607620986 13359.583817492263 0
1711607620987 12059.965270376935 0
1711607620988 10894.56011787749 0
1711607620989 9836.896347956768 0
1711607620990 8885.556373633168 0
1711607620991 8034.630135908599 0
1711607620992 7282.9763365135095 0
1711607620992 6579.993509793063 0
1711607620993 5942.227638288565 0
1711607620994 5375.550424295651 0
1711607620995 4853.590184281991 0
1711607620996 4387.3451565585065 0
1711607620997 3963.7611407857776 0
1711607620997 3579.2250284623724 0
1711607620998 3231.632916886018 0
1711607620999 2918.5529397680975 0
1711607621000 2638.8136131426895 0
1711607621001 2384.4462522900035 0
1711607621002 2154.742257223788 0
1711607621002 1962.4262075789695 0
1711607621003 1774.711347981411 0
1711607621004 1603.536278616577 0
1711607621005 1451.0899416607049 0
1711607621006 1313.6195799615411 0
1711607621007 1186.353736318132 0
1711607621007 1071.6376086388648 0
1711607621008 969.4076639128108 0
1711607621009 876.1200754210763 0
1711607621010 792.8310621204661 0
1711607621011 717.3807648357783 0
1711607621012 649.6694046312962 0
1711607621013 588.4822228174437 0
1711607621014 531.704946331712 0
1711607621014 480.772466399991 0
1711607621015 434.630153674908 0
1711607621016 393.3358380535384 0
1711607621017 355.63210413738807 0
1711607621018 321.40154990488094 0
1711607621019 290.7063450211509 0
1711607621020 263.10723723558567 0
1711607621021 238.4317383256177 0
1711607621022 215.64481661849132 0
1711607621022 195.49388580860406 0
1711607621023 176.92789976716338 0
1711607621024 160.3653358452655 0
1711607621025 145.13636416658977 0
1711607621026 131.38612164072396 0
1711607621027 118.96446817575134 0
1711607621027 107.76467680507028 0
1711607621028 97.60831839560203 0
1711607621029 88.57074251864583 0
1711607621030 80.2383114750811 0
1711607621031 72.75302172670754 0
1711607621032 66.01873264655516 0
1711607621032 59.86604603974774 0
1711607621033 54.32397681718682 0
1711607621034 49.701447725516324 0
1711607621035 45.13853077310517 0
1711607621036 41.07849740326284 0
1711607621037 37.35020514083353 0
1711607621037 34.01089126268479 0
1711607621038 30.99432884104022 0
1711607621039 28.223588072354477 0
1711607621040 25.719347678512385 0
1711607621041 23.492633365525236 0
1711607621041 21.44600465965412 0
1711607621042 19.610389779929054 0
1711607621043 17.959322180994715 0
1711607621044 16.447863773475614 0
1711607621045 15.087213292355864 0
1711607621046 13.84110690092036 0
1711607621046 12.800708628508458 0
1711607621047 11.77940058080745 0
1711607621048 10.841651110084479 0
1711607621049 10.0104781246475 0
1711607621050 9.25158777806523 0
1711607621051 8.550323960004043 0
1711607621051 7.906612530210813 0
1711607621052 7.327606658711218 0
1711607621053 6.810386097927381 0
1711607621054 6.350201395212616 0
1711607621055 5.927136447600004 0
1711607621056 5.534795732140149 0
1711607621057 5.186566042208526 0
1711607621058 4.876024186739739 0
1711607621059 4.602010784827695 0
1711607621060 4.337601713645676 0
1711607621060 4.097307112293371 0
1711607621061 3.873589071405745 0
1711607621062 3.6627078571229306 0
1711607621063 3.472409640033662 0
1711607621064 3.2959759748050383 0
1711607621064 3.145340980454619 0
1711607621066 3.0050758201798256 0
1711607621067 2.8777719046237986 0
1711607621068 2.7630250799334455 0
1711607621070 2.6520202098336 0
1711607621071 2.5428562706979814 0
