1711607557798 17415.68907812441 0
1711607557799 17069.652183781604 0
1711607557800 16732.721455413626 0
1711607557801 16401.45668042897 0
1711607557803 16076.574773299051 0
1711607557804 15757.553922127217 0
1711607557806 15444.28413699491 0
1711607557807 15138.057719959237 0
1711607557809 14838.74506262188 0
1711607557811 14549.150034269307 0
1711607557812 14262.404276171115 0
1711607557814 13979.036747415577 0
1711607557815 13701.438602523112 0
1711607557816 13431.089351846442 0
1711607557817 13164.138436203275 0
1711607557817 12905.438108237839 0
1711607557818 12649.159524528784 0
1711607557819 12398.4380886676 0
1711607557820 12152.946759480588 0
1711607557821 11911.939255522337 0
1711607557822 11675.719276738804 0
1711607557822 11443.757529212116 0
1711607557823 11216.37910197179 0
1711607557824 10993.593095903383 0
1711607557825 10775.081919225959 0
1711607557826 10561.490030202434 0
1711607557826 10351.743785067745 0
1711607557827 10145.91926291247 0
1711607557828 9944.326022675752 0
1711607557829 9748.421523234148 0
1711607557830 9554.939814996744 0
1711607557830 9366.371670223927 0
1711607557831 9180.856036217452 0
1711607557832 8999.288214412103 0
1711607557833 8820.367936823503 0
1711607557834 8645.129366060812 0
1711607557834 8473.323638296572 0
1711607557835 8305.019242395329 0
1711607557836 8141.995268218849 0
1711607557837 7980.737223883769 0
1711607557838 7822.654465273651 0
1711607557838 7669.742404859684 0
1711607557839 7517.642579514615 0
1711607557840 7368.833075007168 0
1711607557841 7222.657978182636 0
1711607557842 7079.560926573058 0
1711607557842 6939.2117109343535 0
1711607557843 6801.9757733478955 0
1711607557844 6667.485584549029 0
1711607557845 6536.046879069614 0
1711607557846 6406.23383142979 0
1711607557846 6279.072928994276 0
1711607557847 6154.816023819758 0
1711607557848 6032.971073788102 0
1711607557849 5913.0389777181745 0
1711607557850 5795.880889393496 0
1711607557850 5680.965784996498 0
1711607557851 5568.714431248301 0
1711607557852 5458.40935378068 0
1711607557853 5349.9050516277175 0
1711607557854 5243.582796181929 0
1711607557854 5139.449031315623 0
1711607557855 5037.553290808846 0
1711607557856 4937.469905220193 0
1711607557857 4839.515425453997 0
1711607557858 4743.679877040084 0
1711607557858 4649.423614114207 0
1711607557859 4558.757622403919 0
1711607557860 4468.140914841646 0
1711607557861 4380.446040338313 0
1711607557862 4293.367741577992 0
1711607557862 4209.491716868382 0
1711607557863 4125.794941401206 0
1711607557864 4044.022438790992 0
1711607557865 3964.2618984430437 0
1711607557866 3886.4231793817685 0
1711607557866 3809.8042702042844 0
1711607557867 3734.13694675185 0
1711607557868 3659.9667800511056 0
1711607557869 3587.326526366881 0
1711607557870 3516.2322963131282 0
1711607557871 3446.6497902544083 0
1711607557872 3378.3238239087927 0
1711607557873 3311.191735868676 0
1711607557873 3246.258361952851 0
1711607557874 3183.7556540565997 0
1711607557875 3120.5876793885677 0
1711607557876 3058.760188213882 0
1711607557877 2998.255063332925 0
1711607557877 2939.0564448487794 0
1711607557878 2880.8292107898487 0
1711607557879 2823.774172437408 0
1711607557880 2767.7221592369974 0
1711607557880 2712.7614156996933 0
1711607557881 2658.8894128462007 0
1711607557882 2606.260979874469 0
1711607557883 2555.8215683336102 0
1711607557884 2505.445664934652 0
1711607557884 2456.5633633773814 0
1711607557885 2407.8268485510744 0
