1711607029098 14539.10870781614 0
1711607029099 11903.8695659709 0
1711607029100 9825.186366561022 0
1711607029102 8005.282579026804 0
1711607029103 6495.320700127889 0
1711607029103 5278.121319351509 0
1711607029104 4283.04632324604 0
1711607029105 3492.608248055508 0
1711607029106 3113.1037047793243 0
1711607029107 2538.4309167966976 0
1711607029107 2084.157305555376 0
1711607029108 1699.6781166468077 0
1711607029109 1382.4717721750399 0
1711607029110 1136.8154351673488 0
1711607029110 930.9921273900011 0
1711607029111 757.7973236662438 0
1711607029112 618.5821743096301 0
1711607029113 504.91126308336203 0
1711607029114 413.7125148591918 0
1711607029114 338.4713730814192 0
1711607029115 276.8694613912549 0
1711607029116 229.5560114151945 0
1711607029117 188.38180237659662 0
1711607029118 154.62787094089268 0
1711607029118 127.87220860705003 0
1711607029119 107.11587779485075 0
1711607029120 90.01690711317922 0
1711607029121 75.01697412566845 0
1711607029121 62.40474936620278 0
1711607029122 53.44025086971514 0
1711607029123 44.83980031055268 0
1711607029124 37.914037427803095 0
1711607029125 32.256326093805015 0
1711607029125 28.95227990680263 0
1711607029126 24.890748916485954 0
1711607029127 21.543442698935067 0
1711607029128 18.74951274338728 0
1711607029129 16.520457527316022 0
1711607029129 14.604982273672633 0
1711607029130 13.067520090317222 0
1711607029131 11.824205210105017 0
1711607029132 10.751010629488059 0
1711607029133 9.883680309999034 0
1711607029134 9.123788798617323 0
1711607029134 8.507973916635349 0
1711607029135 7.959950167939845 0
1711607029136 7.533428087860461 0
1711607029137 7.156551723070112 0
1711607029138 6.812990495528513 0
1711607029138 6.570631459824004 0
1711607029139 6.315940667845648 0
1711607029140 6.06827091779451 0
1711607029141 5.888502101708563 0
1711607029142 5.715815579889622 0
1711607029142 5.555640608980569 0
1711607029143 5.428519467989169 0
1711607029144 5.316749338667147 0
1711607029145 5.219218000935157 0
1711607029145 5.126075483839164 0
1711607029146 5.049941448223302 0
1711607029147 4.986005219456534 0
1711607029148 4.91012202842532 0
1711607029149 4.826095270156151 0
1711607029149 4.774903493970646 0
1711607029150 4.702447362042674 0
1711607029151 4.646711178927107 0
1711607029152 4.590335171842708 0
1711607029153 4.54158247491858 0
1711607029153 4.494403188601301 0
1711607029154 4.455455829983459 0
1711607029155 4.41721135246963 0
1711607029156 4.396489041547969 0
1711607029157 4.357266567425779 0
1711607029158 4.325098634440166 0
1711607029160 4.307504528579585 0
1711607029161 4.288943430151068 0
1711607029162 4.272903571751229 0
1711607029164 4.237621444288101 0
1711607029165 4.22493470602673 0
1711607029167 4.195655745282185 0
1711607029168 4.188557557893701 0
1711607029169 4.176918527116242 0
1711607029171 4.146823523666456 0
1711607029172 4.125280717632286 0
1711607029173 4.097940717683913 0
1711607029174 4.082827416342082 0
1711607029174 4.0722257050048505 0
1711607029175 4.044517453851665 0
1711607029176 4.028786526855337 0
1711607029177 4.007752766657684 0
1711607029177 3.992345902000235 0
1711607029178 3.987800064794599 0
1711607029179 3.96506352338817 0
1711607029180 3.9596779590614046 0
1711607029181 3.9461366230937296 0
1711607029181 3.9379775293668255 0
1711607029182 3.9232863072669724 0
1711607029183 3.898722852420514 0
1711607029184 3.8756090591919783 0
1711607029185 3.8518459919827657 0
