1711606938720 16090.503646122053 0
1711606938722 14571.595804457838 0
1711606938723 13179.54928340447 0
1711606938724 11922.950534153744 0
1711606938725 10783.695281876215 0
1711606938726 9782.002406885282 0
1711606938727 8870.094618754969 0
1711606938728 8062.580713408506 0
1711606938729 7449.678237675928 0
1711606938730 6752.1574655332015 0
1711606938732 6117.919461204058 0
1711606938733 5535.979148580635 0
1711606938734 5015.060111553134 0
1711606938735 4538.176760671239 0
1711606938736 4123.447034877773 0
1711606938737 3740.5165039819835 0
1711606938738 3385.798020193938 0
1711606938739 3078.0217568692588 0
1711606938740 2799.73372422652 0
1711606938742 2534.9672922042273 0
1711606938743 2303.512599350933 0
1711606938744 2092.3656477731474 0
1711606938745 1899.1812176044202 0
1711606938746 1719.8137177569502 0
1711606938747 1558.1727646118768 0
1711606938749 1419.6325733394538 0
1711606938750 1288.6046062831433 0
1711606938751 1187.764022038317 0
1711606938752 1075.5714873547713 0
1711606938753 974.3277860009298 0
1711606938754 895.149692328322 0
1711606938755 810.6378097583344 0
1711606938756 734.1104319721156 0
1711606938757 668.0093449155681 0
1711606938758 606.0084426938182 0
1711606938758 549.8613772269765 0
1711606938759 500.6396143813839 0
1711606938760 453.9789208079358 0
1711606938761 411.82759264247045 0
1711606938761 373.3368374806973 0
1711606938762 340.92555209561505 0
1711606938763 309.05100325028496 0
1711606938764 280.8677028989308 0
1711606938764 254.79806392167498 0
1711606938765 234.99243002912334 0
1711606938766 213.70935681842323 0
1711606938766 196.2968221045085 0
1711606938767 179.3024170071338 0
1711606938768 165.77850589555723 0
1711606938769 151.40837963052078 0
1711606938769 138.3446591997919 0
1711606938770 125.80619266605503 0
1711606938771 114.40637750850891 0
1711606938771 104.11418207074153 0
1711606938772 94.96989149897661 0
1711606938773 86.86943010113768 0
1711606938774 79.55851143436612 0
1711606938774 73.79454342392312 0
1711606938775 67.35091714113935 0
1711606938776 61.495572821720245 0
1711606938777 56.196704708441175 0
1711606938777 52.58349314387272 0
1711606938778 48.22461794884796 0
1711606938779 44.16612259270601 0
1711606938780 40.44782155868619 0
1711606938780 37.25297218265887 0
1711606938781 34.1624644486207 0
1711606938782 31.374060097800548 0
1711606938782 29.520330727485074 0
1711606938783 27.198093386657778 0
1711606938784 25.077115320912778 0
1711606938785 23.127559113297565 0
1711606938785 21.50774600568846 0
1711606938786 19.8981138848086 0
1711606938787 18.442984425123257 0
1711606938788 17.106551598143422 0
1711606938788 15.964671289377746 0
1711606938789 14.857838178561499 0
1711606938790 13.913012391462795 0
1711606938791 13.016792359605935 0
1711606938792 12.195219069055593 0
1711606938792 11.445280603269609 0
1711606938793 10.826052559527577 0
1711606938794 10.32098263870015 0
1711606938795 9.766921003850157 0
1711606938795 9.214066966249828 0
1711606938796 8.844679051453326 0
1711606938797 8.353678358410665 0
1711606938798 7.910137944728923 0
1711606938798 7.505046958801258 0
1711606938799 7.142365873214663 0
1711606938800 6.805900406513865 0
1711606938800 6.535859461416931 0
1711606938801 6.239939879835451 0
1711606938802 6.006600571033053 0
1711606938803 5.767751597379865 0
1711606938803 5.5317991797677 0
1711606938804 5.3310157468251615 0
1711606938805 5.138743295157894 0
1711606938806 4.9619249304363215 0
