1711606888094 17573.985173474 0
1711606888095 17246.545550092847 0
1711606888096 16923.271129742017 0
1711606888097 16619.99608097167 0
1711606888098 16351.650544593496 0
1711606888099 16058.841414397937 0
1711606888100 15786.484209117307 0
1711606888101 15519.303418682563 0
1711606888101 15225.075806655235 0
1711606888102 15069.910289568774 0
1711606888103 14788.561599352184 0
1711606888104 14511.866572005552 0
1711606888104 14282.771871386882 0
1711606888105 14071.999782904999 0
1711606888106 13797.610712860944 0
1711606888107 13564.139274522948 0
1711606888107 13299.78643524981 0
1711606888108 13052.625801890968 0
1711606888109 12802.935432644947 0
1711606888110 12606.549654265596 0
1711606888110 12393.27733269187 0
1711606888111 12154.93526855599 0
1711606888112 11932.085794887758 0
1711606888113 11703.584126697506 0
1711606888113 11526.645634815904 0
1711606888114 11319.310722096749 0
1711606888115 11112.18750081528 0
1711606888115 10898.53866286153 0
1711606888116 10686.64988352454 0
1711606888117 10600.657751874285 0
1711606888118 10471.448960485062 0
1711606888118 10322.442426199674 0
1711606888119 10152.908645698517 0
1711606888120 9962.73134242526 0
1711606888121 9798.622745489787 0
1711606888121 9615.385910843721 0
1711606888122 9455.68258587849 0
1711606888123 9275.046483598368 0
1711606888124 9117.647546950868 0
1711606888124 8958.261389450729 0
1711606888125 8786.861637487458 0
1711606888126 8625.330793640285 0
1711606888126 8486.76232983167 0
1711606888127 8330.076015849862 0
1711606888128 8168.3313364823425 0
1711606888129 8063.083677027136 0
1711606888130 7910.923315202286 0
1711606888130 7767.644362165383 0
1711606888131 7619.881991099693 0
1711606888132 7481.638878649548 0
1711606888133 7351.924841232772 0
1711606888133 7221.85101799726 0
1711606888134 7088.836863541476 0
1711606888135 7011.434498735438 0
1711606888136 6902.783360507038 0
1711606888136 6773.506127139837 0
1711606888137 6655.370852312068 0
1711606888138 6551.574971797424 0
1711606888138 6463.852035390427 0
1711606888140 6341.340971605312 0
1711606888140 6227.765382151477 0
1711606888141 6106.929891769045 0
1711606888142 6010.271121824682 0
1711606888142 5908.497613853353 0
1711606888143 5794.121446815936 0
1711606888144 5702.46924439054 0
1711606888145 5621.671788201477 0
1711606888145 5527.106181862254 0
1711606888146 5425.026340829767 0
1711606888147 5323.8861423988665 0
1711606888147 5230.2983205183955 0
1711606888149 5133.318408543667 0
1711606888150 5054.491377147749 0
1711606888152 4967.224928694571 0
1711606888153 4872.987720984747 0
1711606888155 4784.22087606203 0
1711606888156 4694.338100636127 0
1711606888157 4605.095378594512 0
1711606888158 4521.677228609259 0
1711606888159 4435.093339973744 0
1711606888159 4359.0004053254115 0
1711606888160 4290.71417074019 0
1711606888161 4211.228209300311 0
1711606888162 4131.571316131314 0
1711606888162 4057.561972195165 0
1711606888163 3983.680029678463 0
1711606888164 3921.551199106156 0
1711606888165 3857.888802338562 0
1711606888165 3818.7525562282294 0
1711606888166 3758.595727284368 0
1711606888167 3689.162316586732 0
1711606888168 3618.0258713129692 0
1711606888169 3558.8885756565023 0
1711606888169 3495.8930193279443 0
1711606888170 3430.8879155453183 0
1711606888171 3386.0450440895384 0
1711606888172 3331.894174931 0
1711606888172 3269.391034459676 0
1711606888173 3211.013344040326 0
1711606888174 3158.37783527991 0
