1711607624306 14458.294602320846 0
1711607624309 11768.689764120161 0
1711607624310 9579.1369578749 0
1711607624312 7800.864267438685 0
1711607624313 6346.225340064541 0
1711607624315 5171.329611305079 0
1711607624316 4208.204369191947 0
1711607624317 3427.418722826297 0
1711607624318 2791.0305133918037 0
1711607624319 2274.310647187074 0
1711607624320 1852.7148281744433 0
1711607624321 1509.1746590997375 0
1711607624322 1229.3642172750456 0
1711607624323 1002.2335042357878 0
1711607624324 816.3607384329395 0
1711607624324 666.0729209515025 0
1711607624325 542.924566995494 0
1711607624326 443.15562339502446 0
1711607624327 361.79648407682146 0
1711607624328 295.25450740513116 0
1711607624329 241.27655630043728 0
1711607624330 196.9730635294757 0
1711607624331 160.92882290089918 0
1711607624332 131.71838136554535 0
1711607624332 107.69124519470175 0
1711607624333 88.26265936239363 0
1711607624334 72.30246412013315 0
1711607624335 59.27283650425459 0
1711607624336 48.68740760204865 0
1711607624337 40.039917548558236 0
1711607624337 32.9307260647718 0
1711607624338 27.162037334270384 0
1711607624339 22.413622777829016 0
1711607624340 18.546409517520818 0
1711607624341 15.388242256520307 0
1711607624341 12.79342867924543 0
1711607624342 10.689817913617308 0
1711607624343 8.970458314340664 0
1711607624344 7.549867752745808 0
1711607624345 6.378595120131871 0
1711607624346 5.425046362175919 0
1711607624347 4.642569768053837 0
1711607624347 4.005091363173589 0
1711607624348 3.4868024752465905 0
1711607624349 3.054281263216789 0
1711607624350 2.701570968665826 0
1711607624351 2.4127476807597774 0
1711607624352 2.177284415351258 0
1711607624352 1.9795979135456057 0
1711607624353 1.8183693017613167 0
1711607624354 1.686181578733249 0
1711607624355 1.5768581525616205 0
1711607624356 1.4875401631823935 0
1711607624357 1.4136893334344414 0
1711607624357 1.3525456240675293 0
1711607624358 1.3025975742343638 0
1711607624359 1.2609822327260236 0
1711607624360 1.2257487528376814 0
1711607624361 1.1973784269590093 0
1711607624362 1.1697184300922474 0
1711607624362 1.1471309136104733 0
1711607624363 1.1278671830803753 0
1711607624364 1.1094206748157998 0
1711607624365 1.0957684752126868 0
1711607624366 1.0839434285254892 0
1711607624367 1.07382414996278 0
1711607624367 1.064856073620269 0
1711607624368 1.0549033694239156 0
1711607624369 1.0450220661812428 0
1711607624370 1.0386074094934008 0
1711607624371 1.0314510387583733 0
1711607624372 1.0256451081261222 0
1711607624373 1.0156992147681256 0
1711607624374 1.0111340525312016 0
1711607624375 1.0073759117838428 0
1711607624376 0.99874563776052 0
1711607624376 0.9961260612446027 0
1711607624377 0.9919732697337389 0
1711607624378 0.9809220326719817 0
1711607624379 0.9739305984492201 0
1711607624380 0.9615322122649209 0
1711607624381 0.955172053607756 0
1711607624381 0.9518435394446936 0
1711607624382 0.9504289099798029 0
1711607624383 0.9470213572414333 0
1711607624384 0.9438067496804953 0
1711607624385 0.9414854689321294 0
1711607624386 0.9292550182322326 0
1711607624387 0.927995255752019 0
1711607624387 0.9260563930062579 0
1711607624388 0.9249458721613046 0
1711607624389 0.923960675704006 0
1711607624390 0.9230482447782817 0
1711607624391 0.9181161747867435 0
1711607624392 0.9167455652774502 0
1711607624392 0.9157561856002556 0
1711607624393 0.9061802446637119 0
1711607624394 0.9045577984074273 0
1711607624395 0.902524728050211 0
1711607624396 0.9010741706997253 0
