1711607655110 14400.034558640838 0
1711607655111 11673.49025178509 0
1711607655112 9459.98863936687 0
1711607655113 7665.188221858947 0
1711607655114 6247.26109624509 0
1711607655115 5062.457423429825 0
1711607655116 4102.447912137495 0
1711607655116 3326.0590861072315 0
1711607655117 2699.4084206313414 0
1711607655118 2190.9130471160665 0
1711607655119 1778.4003258441282 0
1711607655120 1441.6241032075923 0
1711607655121 1168.8964232968838 0
1711607655122 948.289081793171 0
1711607655122 768.9842155879686 0
1711607655123 623.9026125012715 0
1711607655124 506.92609010704604 0
1711607655125 411.39778440552016 0
1711607655126 333.59249923528796 0
1711607655127 271.108045113028 0
1711607655128 219.91524554318065 0
1711607655129 178.4147861294285 0
1711607655130 144.78570233308122 0
1711607655130 117.84196566009653 0
1711607655131 95.73075640867886 0
1711607655132 77.7640727854381 0
1711607655133 63.246934712265045 0
1711607655134 51.42594818256438 0
1711607655135 41.83533652045998 0
1711607655135 34.06340561529247 0
1711607655136 27.764672780831745 0
1711607655137 22.77025448269239 0
1711607655138 18.606145789186897 0
1711607655139 15.226123639234958 0
1711607655140 12.486910806246376 0
1711607655140 10.256875821119623 0
1711607655141 8.445125704302708 0
1711607655142 6.979937353870509 0
1711607655143 5.790118999489064 0
1711607655144 4.8258373957109315 0
1711607655145 4.033402058870836 0
1711607655145 3.3903340539632736 0
1711607655146 2.8683045670445284 0
1711607655147 2.4358652952792235 0
1711607655148 2.0881154217824687 0
1711607655149 1.8073881912292298 0
1711607655150 1.5770002827203822 0
1711607655150 1.3901029904929003 0
1711607655151 1.2309985246000548 0
1711607655152 1.1050114354419633 0
1711607655153 1.000241448728125 0
1711607655154 0.9116933754987744 0
1711607655155 0.8414172105825719 0
1711607655156 0.782343528322137 0
1711607655156 0.7306171423805207 0
1711607655157 0.6902665634815012 0
1711607655158 0.6442492665234343 0
1711607655159 0.616303150061527 0
1711607655160 0.5922291386953613 0
1711607655161 0.5722073887629955 0
1711607655162 0.5500756433973591 0
1711607655162 0.5352321944844975 0
1711607655163 0.5220719962123407 0
1711607655164 0.5122741244319531 0
1711607655165 0.4952705905686543 0
1711607655166 0.48643442008118903 0
1711607655167 0.4789898236116934 0
1711607655167 0.4715619532237839 0
1711607655168 0.4669746645774399 0
1711607655169 0.4622674893448754 0
1711607655170 0.45816320095839425 0
1711607655171 0.4495870672892446 0
1711607655172 0.44640961016427866 0
1711607655173 0.43773475532593525 0
1711607655173 0.43087739707535144 0
1711607655174 0.42357542983029367 0
1711607655175 0.41774850539833247 0
1711607655176 0.4119590944485324 0
1711607655177 0.40864334340188924 0
1711607655178 0.40639773439194554 0
1711607655178 0.4039454142211494 0
1711607655179 0.40041350817056565 0
1711607655180 0.39641249614747937 0
1711607655181 0.3938696545954557 0
1711607655182 0.3911608995326306 0
1711607655183 0.38871765607784436 0
1711607655184 0.38454916000495903 0
1711607655185 0.3829028357956023 0
1711607655186 0.38129589456374174 0
1711607655187 0.38030054311507294 0
1711607655187 0.37948927694448836 0
1711607655188 0.37557683387299307 0
1711607655189 0.37292075112841877 0
1711607655190 0.3715968352970677 0
1711607655191 0.37112874251854033 0
1711607655192 0.37081055280157904 0
1711607655193 0.36346674362217035 0
1711607655194 0.36014482917984203 0
1711607655194 0.3565217397634277 0
1711607655195 0.3552465216966282 0
