1711606972956 16053.087216355256 0
1711606972957 14517.174478606194 0
1711606972958 13147.387833435709 0
1711606972959 11882.194959403729 0
1711606972959 10731.408427793402 0
1711606972960 9693.473455887563 0
1711606972961 8774.676618239788 0
1711606972962 7928.936373871653 0
1711606972963 7169.025708729924 0
1711606972963 6487.383876672036 0
1711606972964 5863.320780881088 0
1711606972965 5310.555107912222 0
1711606972966 4795.5837971794335 0
1711606972966 4330.734165093399 0
1711606972967 3920.807131328784 0
1711606972968 3641.357991067688 0
1711606972969 3289.2439155428856 0
1711606972969 2998.1752784491996 0
1711606972970 2709.7235684074026 0
1711606972971 2449.688461521932 0
1711606972972 2216.4963841365006 0
1711606972973 2005.7103767287103 0
1711606972973 1820.6340595329966 0
1711606972974 1647.9003622381117 0
1711606972975 1491.6283495141756 0
1711606972976 1348.3628044370041 0
1711606972976 1221.0389231172162 0
1711606972977 1104.8779516883892 0
1711606972978 999.915118291088 0
1711606972979 904.4634198737333 0
1711606972979 817.8417127892872 0
1711606972980 738.8891267691013 0
1711606972981 673.6438192772954 0
1711606972982 612.5549075281613 0
1711606972983 568.3596874746258 0
1711606972983 516.7867667147167 0
1711606972985 467.32253697537726 0
1711606972985 424.71322952278547 0
1711606972986 384.1030851552733 0
1711606972987 348.7802981168969 0
1711606972988 315.5496598963407 0
1711606972989 286.8488263927469 0
1711606972990 259.8616521081159 0
1711606972991 236.04662882393922 0
1711606972992 213.74399566991025 0
1711606972993 193.88481227305112 0
1711606972994 175.61758650320286 0
1711606972995 159.69922054160335 0
1711606972995 145.74909974149705 0
1711606972996 132.1281805160464 0
1711606972997 120.9873179375389 0
1711606972998 109.59742490161341 0
1711606972998 99.4197432184354 0
1711606972999 90.13928239070324 0
1711606973000 81.88380145583973 0
1711606973001 74.3512899197672 0
1711606973001 67.44333321127718 0
1711606973002 61.30259183970194 0
1711606973003 55.80117797925887 0
1711606973004 50.96432147014642 0
1711606973005 46.49582943147428 0
1711606973005 42.348711911347095 0
1711606973006 38.502678440425655 0
1711606973007 35.1348066679596 0
1711606973008 32.10619038704443 0
1711606973008 29.388447145716516 0
1711606973009 26.791503700183235 0
1711606973010 24.461180856698427 0
1711606973011 22.357988871905178 0
1711606973012 20.51710116042675 0
1711606973012 18.89520808649219 0
1711606973013 17.294928381544214 0
1711606973014 15.852986456129475 0
1711606973015 14.541013693274039 0
1711606973015 13.39910313721996 0
1711606973016 12.393955155622528 0
1711606973017 11.42147503186219 0
1711606973018 10.56751922771001 0
1711606973018 9.752094721271876 0
1711606973019 9.030397488948017 0
1711606973020 8.3615795353289 0
1711606973021 7.757334498456238 0
1711606973021 7.224729912037751 0
1711606973022 6.710734828933553 0
1711606973023 6.298332084883727 0
1711606973024 5.880773165667142 0
1711606973024 5.5512752838347605 0
1711606973025 5.29088404452082 0
1711606973026 4.981286839470013 0
1711606973027 4.705900636253256 0
1711606973028 4.441959496430446 0
1711606973029 4.2170332345303265 0
1711606973029 3.9958433870245824 0
1711606973030 3.7826877483081986 0
1711606973031 3.5816195696806603 0
1711606973032 3.40616351474191 0
1711606973033 3.243627768328975 0
1711606973034 3.1195830489278245 0
1711606973035 3.0006620575852625 0
1711606973036 2.87992910458946 0
