1711607018480 14396.855724608939 0
1711607018481 11665.030943502969 0
1711607018482 9451.160241743655 0
1711607018484 7657.731176368347 0
1711607018485 6204.682223524062 0
1711607018486 5027.114534934067 0
1711607018487 4073.1264169104115 0
1711607018488 3300.2598306593677 0
1711607018489 2674.0006425824045 0
1711607018490 2166.6498188807914 0
1711607018491 1755.5223672327406 0
1711607018492 1422.434978422701 0
1711607018493 1152.5088023199175 0
1711607018494 933.8365018278084 0
1711607018495 756.6949770712163 0
1711607018496 613.1052425302581 0
1711607018497 496.7896818413488 0
1711607018498 402.5295056587725 0
1711607018499 326.1743926733838 0
1711607018500 264.28937139895805 0
1711607018501 214.15035812916116 0
1711607018502 173.53021855359984 0
1711607018503 140.61700496830989 0
1711607018504 113.94922062440392 0
1711607018505 92.33551635886194 0
1711607018506 74.82393422251391 0
1711607018506 60.63396730738956 0
1711607018507 49.13901512307829 0
1711607018508 39.822484532155514 0
1711607018509 32.272264025085384 0
1711607018510 26.155370984434835 0
1711607018510 21.198218721754525 0
1711607018511 17.18186370429706 0
1711607018512 13.927939424544745 0
1711607018513 11.290558220206849 0
1711607018515 9.153833442355417 0
1711607018516 7.422303569943208 0
1711607018517 6.01918082700217 0
1711607018518 4.8823461119709135 0
1711607018519 3.9611394976684906 0
1711607018520 3.2147726826815957 0
1711607018522 2.610007225913789 0
1711607018523 2.1197397662423554 0
1711607018524 1.7226519776876656 0
1711607018525 1.4007572799376315 0
1711607018526 1.13996442619761 0
1711607018527 0.9286424139498817 0
1711607018529 0.7573604082974336 0
1711607018530 0.6185768639469419 0
1711607018531 0.5060936677482751 0
1711607018532 0.41496727974811715 0
1711607018533 0.34109072672720203 0
1711607018534 0.2811688594716565 0
1711607018535 0.23244231331757795 0
1711607018537 0.19293703869509923 0
1711607018538 0.16092253218361074 0
1711607018539 0.13486781964926653 0
1711607018540 0.11375612202833779 0
1711607018541 0.09657708333383942 0
1711607018543 0.08263797526934231 0
1711607018544 0.07121247533449775 0
1711607018545 0.06192221402678097 0
1711607018546 0.05438132545870524 0
1711607018547 0.04820007205148242 0
1711607018548 0.043082595956091534 0
1711607018550 0.03889188346054077 0
1711607018551 0.035532815422235436 0
1711607018552 0.03266342096776684 0
1711607018553 0.03033128024932646 0
1711607018554 0.0283917770287822 0
1711607018555 0.02674650166139358 0
1711607018557 0.02537811012555603 0
1711607018558 0.02425759734565575 0
1711607018559 0.023270612408283292 0
1711607018560 0.02253249528331834 0
1711607018561 0.02185319682573433 0
1711607018561 0.021167986479274557 0
1711607018562 0.020635974066495935 0
1711607018563 0.020182996931857884 0
1711607018564 0.019727637363562447 0
1711607018565 0.019369106517671673 0
1711607018565 0.019039522260027142 0
1711607018566 0.018750265431089676 0
1711607018567 0.01855371278362148 0
1711607018568 0.01836365707526246 0
1711607018569 0.018034376442421177 0
1711607018569 0.01791444323287028 0
1711607018570 0.01771778255435307 0
1711607018571 0.017554743448414442 0
1711607018572 0.017369674859912677 0
1711607018573 0.017302776667582374 0
1711607018573 0.01717298790798064 0
1711607018574 0.017059941164787592 0
1711607018575 0.016840755248558804 0
1711607018576 0.016748594206552524 0
1711607018576 0.01657079676437056 0
1711607018577 0.016492326770595468 0
1711607018578 0.01642410626195495 0
1711607018579 0.016288022542257478 0
1711607018579 0.016225496090788584 0
