1711607613092 16037.293627841964 0
1711607613093 14475.806064583 0
1711607613094 13066.216790227423 0
1711607613095 11796.179191409748 0
1711607613096 10646.752205117027 0
1711607613097 9612.583376581166 0
1711607613098 8676.42758926323 0
1711607613098 7834.115182419752 0
1711607613099 7071.040503032843 0
1711607613100 6382.449687568353 0
1711607613101 5760.681978786524 0
1711607613102 5199.74954185282 0
1711607613103 4693.373546181872 0
1711607613104 4237.687891594691 0
1711607613105 3825.07525906658 0
1711607613105 3453.1131783437813 0
1711607613106 3117.276258938328 0
1711607613107 2813.7750610313783 0
1711607613108 2539.795045669676 0
1711607613109 2292.6230819472726 0
1711607613110 2069.3630735713277 0
1711607613110 1867.742976457419 0
1711607613111 1685.7919644463714 0
1711607613112 1521.7217198312824 0
1711607613113 1373.6150498972604 0
1711607613114 1239.925170211451 0
1711607613115 1119.1449694961377 0
1711607613115 1010.1258994746418 0
1711607613116 911.737305800119 0
1711607613117 823.1054205888965 0
1711607613118 742.9167606005777 0
1711607613119 670.6637905770858 0
1711607613119 605.3558545467121 0
1711607613120 546.4407879075775 0
1711607613121 493.2195955294162 0
1711607613122 445.18512586400203 0
1711607613123 401.86130222773784 0
1711607613124 362.75505910493456 0
1711607613124 327.4201569255112 0
1711607613125 295.55917832176715 0
1711607613126 266.77846383530414 0
1711607613127 240.8350030541001 0
1711607613128 217.3892384627481 0
1711607613129 196.21533341432294 0
1711607613130 177.11883022561315 0
1711607613131 159.88943211698324 0
1711607613131 144.32852364117025 0
1711607613132 130.2796340875015 0
1711607613133 117.59644131123866 0
1711607613134 106.14814571696134 0
1711607613135 95.81775845707384 0
1711607613136 86.51915606930552 0
1711607613136 78.1026832027572 0
1711607613137 70.50451291529963 0
1711607613138 63.65063601380791 0
1711607613139 57.462853089578836 0
1711607613140 51.87994626998816 0
1711607613141 46.856845409544604 0
1711607613141 42.312099913300294 0
1711607613142 38.20197183780378 0
1711607613143 34.493193583537746 0
1711607613144 31.145861381554003 0
1711607613145 28.12466787815082 0
1711607613146 25.396734506117568 0
1711607613146 22.934344443768026 0
1711607613147 20.711845093355166 0
1711607613148 18.70441267619514 0
1711607613149 16.8924707352872 0
1711607613150 15.258687548923097 0
1711607613151 13.781316475285461 0
1711607613152 12.449647659031822 0
1711607613153 11.246061891195833 0
1711607613154 10.159748705128647 0
1711607613156 9.18006280069345 0
1711607613157 8.294658252535301 0
1711607613158 7.496130031006844 0
1711607613160 6.777668449761328 0
1711607613161 6.126617957093633 0
1711607613162 5.5386297497410855 0
1711607613163 5.007101452078425 0
1711607613165 4.527656860653063 0
1711607613165 4.095119747212741 0
1711607613166 3.7048805369666904 0
1711607613167 3.352352845598252 0
1711607613168 3.033769311508061 0
1711607613169 2.7461067072414376 0
1711607613170 2.486388920363484 0
1711607613170 2.251978775017492 0
1711607613171 2.0402157537045533 0
1711607613172 1.8491201083745004 0
1711607613173 1.6764142838664768 0
1711607613174 1.5204024424757645 0
1711607613175 1.3795985161725237 0
1711607613175 1.2521757072899653 0
1711607613176 1.1370399497034247 0
1711607613177 1.033341798260377 0
1711607613178 0.9396537054936043 0
1711607613179 0.8550519176339265 0
1711607613180 0.7787329989411998 0
1711607613180 0.7096267763883357 0
