1711606901537 17430.5400033195 0
1711606901538 17106.748356309283 0
1711606901539 16771.190911355083 0
1711606901539 16458.82041183442 0
1711606901541 16146.942761102515 0
1711606901541 15843.098359750576 0
1711606901542 15547.87235850909 0
1711606901543 15240.913351876012 0
1711606901544 14940.094837770737 0
1711606901544 14649.087299402756 0
1711606901545 14361.99840022574 0
1711606901546 14086.692588703154 0
1711606901547 13811.384099119041 0
1711606901547 13559.129368320144 0
1711606901548 13296.741621328072 0
1711606901549 13036.203574768531 0
1711606901550 12784.806165455846 0
1711606901550 12545.051528267872 0
1711606901551 12312.83956821646 0
1711606901552 12084.305222100025 0
1711606901554 11885.172870861697 0
1711606901555 11669.493932197205 0
1711606901556 11510.730393546668 0
1711606901557 11284.61073840276 0
1711606901558 11063.337444352042 0
1711606901559 10876.743997264597 0
1711606901560 10697.480794770943 0
1711606901562 10488.804163063678 0
1711606901563 10287.496440115392 0
1711606901565 10098.113264612779 0
1711606901566 9900.876860843906 0
1711606901567 9708.869601352 0
1711606901569 9518.52673096553 0
1711606901570 9330.850241278395 0
1711606901572 9154.204882463773 0
1711606901573 9001.11120785548 0
1711606901575 8840.26171396479 0
1711606901576 8672.167730016006 0
1711606901577 8523.201476167515 0
1711606901579 8357.563492665962 0
1711606901580 8200.946616739759 0
1711606901581 8043.85685206969 0
1711606901583 7901.938780525024 0
1711606901584 7762.616280502299 0
1711606901585 7614.964482179065 0
1711606901586 7474.504693540839 0
1711606901588 7340.001362840338 0
1711606901589 7196.212616128775 0
1711606901590 7055.2295111626145 0
1711606901591 6920.847135430439 0
1711606901592 6785.575732152761 0
1711606901593 6653.329043825105 0
1711606901594 6525.687168780219 0
1711606901595 6399.107964773664 0
1711606901596 6274.999521341109 0
1711606901597 6157.07197901147 0
1711606901598 6036.317489239927 0
1711606901600 5919.488533897682 0
1711606901601 5805.775648038204 0
1711606901602 5701.110120841697 0
1711606901603 5589.230891131728 0
1711606901604 5483.00755719841 0
1711606901606 5379.183511251072 0
1711606901607 5276.906236431069 0
1711606901608 5178.067463681596 0
1711606901609 5082.521306334846 0
1711606901610 4994.69228437354 0
1711606901611 4903.236151887689 0
1711606901612 4807.824107087491 0
1711606901613 4714.337801635116 0
1711606901614 4622.411444682657 0
1711606901615 4543.787149581945 0
1711606901616 4457.7044428597255 0
1711606901617 4375.865186124669 0
1711606901619 4289.53057010684 0
1711606901620 4205.245895039015 0
1711606901621 4133.338586735925 0
1711606901622 4056.2136704792615 0
1711606901623 3987.5515723022045 0
1711606901633 3914.300064016086 0
1711606901634 3839.3190972614966 0
1711606901635 3763.9796287752765 0
1711606901635 3697.9628500433378 0
1711606901636 3634.1754045387192 0
1711606901637 3565.43057435869 0
1711606901638 3509.484780637977 0
1711606901639 3441.2328094874033 0
1711606901639 3373.640329965832 0
1711606901640 3320.9321186014886 0
1711606901641 3257.8296518694888 0
1711606901641 3195.9569713190476 0
1711606901642 3134.3026898717862 0
1711606901643 3076.940000746728 0
1711606901644 3016.8176362748295 0
1711606901644 2959.7005149829615 0
1711606901645 2906.0453621934885 0
1711606901646 2850.9675230458856 0
1711606901647 2797.396180398636 0
1711606901647 2745.0685009644567 0
1711606901648 2692.989146116292 0
