1711607572049 16248.53964324396 0
1711607572050 14695.130509023675 0
1711607572051 13292.290595755667 0
1711607572053 12022.91766653075 0
1711607572054 10930.837264036101 0
1711607572055 9905.212853968631 0
1711607572056 9072.488426298263 0
1711607572058 8265.794250989713 0
1711607572059 7559.918873474432 0
1711607572060 7301.477662845835 0
1711607572061 6663.740829359489 0
1711607572063 6314.648746426624 0
1711607572064 5721.051739542335 0
1711607572065 5195.714638203789 0
1711607572066 4715.01079074934 0
1711607572068 4322.090047612756 0
1711607572069 3935.3303565186957 0
1711607572070 3562.140706238718 0
1711607572071 3235.713019641713 0
1711607572072 2939.610062566809 0
1711607572074 2670.3940355027735 0
1711607572075 2461.683827641354 0
1711607572076 2243.7909246675354 0
1711607572077 2046.820585775076 0
1711607572078 1914.4305248351684 0
1711607572079 1737.9682080981706 0
1711607572079 1598.1766528250716 0
1711607572080 1452.8407307585796 0
1711607572081 1328.1957554549717 0
1711607572082 1229.6406530202585 0
1711607572083 1122.126524212637 0
1711607572083 1019.6377595931932 0
1711607572084 925.2794003472502 0
1711607572085 844.9325981461432 0
1711607572086 768.8221268808373 0
1711607572087 697.9247510475288 0
1711607572087 641.5332284472463 0
1711607572088 584.1561018031323 0
1711607572089 532.5020084935614 0
1711607572090 487.73949520589366 0
1711607572091 445.0114870932496 0
1711607572091 412.473067965264 0
1711607572092 377.78099474537737 0
1711607572093 344.88418920788365 0
1711607572094 315.4740650293841 0
1711607572095 287.9420969226846 0
1711607572095 263.19455812638023 0
1711607572096 240.30475554907574 0
1711607572097 219.74475451651463 0
1711607572098 201.45509585407763 0
1711607572099 184.9427109808251 0
1711607572100 169.41116615318924 0
1711607572101 157.8197240478442 0
1711607572101 145.7847885403588 0
1711607572102 135.65050062744518 0
1711607572103 124.67760609110483 0
1711607572104 115.04276262946041 0
1711607572105 106.22701883810296 0
1711607572105 98.12338159988784 0
1711607572106 92.53983313763536 0
1711607572107 85.73661339603741 0
1711607572108 80.16339286781464 0
1711607572109 74.25949627744528 0
1711607572110 68.9314684310245 0
1711607572110 64.03007882392309 0
1711607572111 59.782320261762585 0
1711607572112 55.78507882519221 0
1711607572113 52.144471642281204 0
1711607572114 48.80675384008056 0
1711607572115 46.216777017908335 0
1711607572115 43.508498018028206 0
1711607572116 40.8125510773084 0
1711607572117 38.48677294546101 0
1711607572118 36.3375870585568 0
1711607572119 34.395077745627844 0
1711607572120 32.633725677128965 0
1711607572121 30.821532881225675 0
1711607572122 29.21224425240472 0
1711607572122 27.988539396983178 0
1711607572123 26.473199444207886 0
1711607572124 25.106325740813762 0
1711607572126 23.835325643092176 0
1711607572127 22.69587984184708 0
1711607572128 21.65623417476595 0
1711607572129 20.63616840252128 0
1711607572130 19.861398009838897 0
1711607572132 19.04151506232139 0
1711607572133 18.482009513373967 0
1711607572134 17.749012164788954 0
1711607572135 17.045784995686166 0
1711607572137 16.747682194855464 0
1711607572138 16.135558921817065 0
1711607572139 15.63084019664649 0
1711607572140 15.026536951688897 0
1711607572142 14.536794085495977 0
1711607572143 14.052618528221577 0
1711607572144 13.616818102343808 0
1711607572145 13.054655264330645 0
1711607572146 12.674895956161324 0
1711607572148 12.325660974379712 0
