1711607561868 17417.02942845857 0
1711607561870 17079.408653806593 0
1711607561871 16739.990664466226 0
1711607561872 16409.8259215207 0
1711607561873 16085.693682160785 0
1711607561874 15766.040624380843 0
1711607561876 15468.611476632159 0
1711607561877 15161.96710653673 0
1711607561878 14867.371581505038 0
1711607561879 14574.417905095757 0
1711607561881 14285.914301755985 0
1711607561882 14003.91781921936 0
1711607561883 13727.083394726846 0
1711607561884 13455.91929741923 0
1711607561885 13190.916929272704 0
1711607561886 12932.505006549005 0
1711607561887 12675.884949383757 0
1711607561888 12425.37486294742 0
1711607561889 12180.052063875371 0
1711607561889 11940.94146026391 0
1711607561890 11706.98024522367 0
1711607561891 11475.152370310056 0
1711607561892 11248.970420761147 0
1711607561893 11027.59861716806 0
1711607561893 10808.713840330647 0
1711607561894 10600.361055346413 0
1711607561895 10393.29135846646 0
1711607561896 10194.960240753348 0
1711607561897 9992.82795511029 0
1711607561897 9794.395050690622 0
1711607561898 9600.625161219252 0
1711607561899 9410.184739747656 0
1711607561900 9223.974125595507 0
1711607561901 9045.60687568614 0
1711607561902 8868.081811545697 0
1711607561903 8692.950071203968 0
1711607561903 8521.408953570683 0
1711607561904 8354.058457462574 0
1711607561905 8188.804877438895 0
1711607561906 8026.632185252793 0
1711607561907 7867.601190732958 0
1711607561907 7711.340312668699 0
1711607561908 7558.078991299797 0
1711607561909 7412.157991588171 0
1711607561910 7265.847204381472 0
1711607561911 7122.356675147238 0
1711607561911 6981.827445972678 0
1711607561912 6855.082352686148 0
1711607561913 6718.987229195217 0
1711607561914 6586.092532802023 0
1711607561915 6456.198337398082 0
1711607561915 6330.316603337348 0
1711607561916 6206.141181783818 0
1711607561917 6085.024223213113 0
1711607561918 5964.475287586501 0
1711607561919 5847.837039604519 0
1711607561919 5732.2138343156585 0
1711607561920 5620.463703918173 0
1711607561921 5509.57769557523 0
1711607561922 5406.193967108226 0
1711607561923 5298.927516396917 0
1711607561924 5194.390344087693 0
1711607561924 5091.585579514032 0
1711607561925 4990.824130056609 0
1711607561926 4892.440523389253 0
1711607561927 4797.2556029609605 0
1711607561928 4702.035208787133 0
1711607561929 4608.7651944035115 0
1711607561930 4518.5307401400205 0
1711607561930 4433.476028545943 0
1711607561931 4348.199272870604 0
1711607561932 4261.93479634547 0
1711607561933 4178.346780702381 0
1711607561934 4097.250759088156 0
1711607561934 4020.8227875056714 0
1711607561935 3941.362652577214 0
1711607561936 3864.375008221008 0
1711607561937 3787.732373961069 0
1711607561938 3716.0933988468373 0
1711607561939 3642.4808849210444 0
1711607561940 3570.6925477002164 0
1711607561941 3500.639122204754 0
1711607561942 3431.829894130338 0
1711607561942 3364.176155977256 0
1711607561943 3297.433926191643 0
1711607561944 3232.535273345957 0
1711607561945 3172.9379163940916 0
1711607561946 3109.937938488605 0
1711607561946 3048.2778606670117 0
1711607561947 2988.3546972058434 0
1711607561948 2929.281438485931 0
1711607561949 2871.6951156747873 0
1711607561950 2815.7723414863053 0
1711607561950 2760.0914551706746 0
1711607561951 2705.311331062923 0
1711607561952 2651.931525781936 0
1711607561953 2599.553050562919 0
1711607561954 2547.92651907137 0
1711607561954 2497.4359296920866 0
1711607561955 2448.3634444199497 0
