1711607521747 17425.08634384981 0
1711607521748 17081.07043702331 0
1711607521749 16743.355113706886 0
1711607521751 16416.263505838804 0
1711607521752 16091.247309267143 0
1711607521753 15773.093222283784 0
1711607521753 15466.978553731546 0
1711607521754 15162.994992968002 0
1711607521755 14863.185575736605 0
1711607521756 14569.380964933873 0
1711607521757 14284.954977288227 0
1711607521758 14042.3049228579 0
1711607521759 13765.904800290498 0
1711607521760 13497.850430367047 0
1711607521761 13231.114379681376 0
1711607521762 12978.117321100186 0
1711607521763 12729.839246166648 0
1711607521764 12477.83305234896 0
1711607521764 12236.965695559553 0
1711607521765 11995.442815909855 0
1711607521766 11758.058536756309 0
1711607521767 11525.305445660675 0
1711607521768 11297.718597780475 0
1711607521769 11075.684385160306 0
1711607521770 10861.5177506778 0
1711607521770 10651.655067632886 0
1711607521771 10442.241685975696 0
1711607521772 10235.857114923041 0
1711607521773 10036.291543514188 0
1711607521774 9839.169095283789 0
1711607521775 9647.766475134824 0
1711607521776 9460.560738866352 0
1711607521777 9273.887813220119 0
1711607521777 9090.323456106757 0
1711607521778 8912.382894627215 0
1711607521779 8736.291989669608 0
1711607521780 8564.008763177853 0
1711607521781 8401.493613844896 0
1711607521782 8238.008131803654 0
1711607521783 8075.484340382665 0
1711607521783 7916.451528340198 0
1711607521784 7760.29824499823 0
1711607521785 7608.284273665881 0
1711607521786 7460.388812941264 0
1711607521787 7313.063787465587 0
1711607521788 7168.61187435579 0
1711607521789 7027.014967483693 0
1711607521790 6888.128592047004 0
1711607521790 6751.9805989405895 0
1711607521791 6621.422235646884 0
1711607521792 6492.3054545641 0
1711607521793 6363.960733092574 0
1711607521794 6238.33084638085 0
1711607521795 6114.966470783731 0
1711607521796 5995.71132197843 0
1711607521797 5877.26670679653 0
1711607521797 5765.890409792389 0
1711607521798 5652.068773844402 0
1711607521799 5547.389248776847 0
1711607521800 5438.651866271914 0
1711607521801 5331.1809344469775 0
1711607521802 5226.411785258 0
1711607521803 5123.541942452241 0
1711607521803 5022.2519310366315 0
1711607521804 4923.629385264511 0
1711607521805 4827.653246078087 0
1711607521806 4732.463458376742 0
1711607521807 4639.122412040768 0
1711607521808 4547.36992894803 0
1711607521809 4457.960694473414 0
1711607521809 4374.034768878798 0
1711607521810 4288.090132843213 0
1711607521811 4203.448034684891 0
1711607521812 4121.706043383485 0
1711607521813 4040.6428991328207 0
1711607521814 3960.79644852066 0
1711607521815 3882.7450828961382 0
1711607521815 3806.115207015653 0
1711607521816 3730.8299074000247 0
1711607521817 3657.1428359190863 0
1711607521818 3585.935158384903 0
1711607521820 3516.939315141359 0
1711607521820 3447.5315832165525 0
1711607521821 3379.8619017066158 0
1711607521822 3313.042122149119 0
1711607521823 3247.93589804385 0
1711607521824 3190.147854623759 0
1711607521825 3127.9296270287477 0
1711607521826 3066.1464798748184 0
1711607521826 3006.192629960353 0
1711607521827 2948.445975284918 0
1711607521828 2891.1692767895092 0
1711607521829 2834.298968772675 0
1711607521830 2778.6722506574124 0
1711607521831 2723.946555835895 0
1711607521832 2670.8647464034134 0
1711607521833 2618.405735986856 0
1711607521834 2566.6178287382318 0
1711607521834 2515.896047637438 0
1711607521835 2466.1389698242356 0
