1711607636937 14409.364366778454 0
1711607636938 11685.55006287169 0
1711607636939 9475.943185733675 0
1711607636940 7684.611868601427 0
1711607636941 6232.71342256971 0
1711607636943 5054.338015568005 0
1711607636944 4099.742381693272 0
1711607636945 3325.6215143902245 0
1711607636946 2697.0693906828424 0
1711607636946 2187.8732518120514 0
1711607636947 1774.1210226055255 0
1711607636948 1438.898926648406 0
1711607636949 1167.324737060605 0
1711607636950 946.8879181017504 0
1711607636951 767.9391465445871 0
1711607636952 622.9658515991644 0
1711607636952 505.41898291886895 0
1711607636953 410.0963327255853 0
1711607636954 332.70675908047514 0
1711607636955 269.95924725226587 0
1711607636956 219.07239320530186 0
1711607636957 177.74082345912578 0
1711607636958 144.2697939492317 0
1711607636959 117.09238303576288 0
1711607636960 95.04722294960563 0
1711607636960 77.1592182716439 0
1711607636961 62.65015755579985 0
1711607636962 50.880625648519924 0
1711607636963 41.33314937788105 0
1711607636964 33.58974929246625 0
1711607636965 27.303529754319925 0
1711607636965 22.208969180549484 0
1711607636966 18.074424526289608 0
1711607636967 14.715636922288146 0
1711607636968 11.993550796505456 0
1711607636969 9.782786511599214 0
1711607636970 7.984434473305292 0
1711607636970 6.5283562778068704 0
1711607636971 5.342393559715765 0
1711607636972 4.381391586661883 0
1711607636973 3.601166766544783 0
1711607636974 2.9673603616067106 0
1711607636975 2.4530325735441623 0
1711607636976 2.0347216693743038 0
1711607636976 1.6956241278012116 0
1711607636977 1.4201680450032457 0
1711607636978 1.1965714445764148 0
1711607636979 1.0147440055979378 0
1711607636980 0.8673731065135586 0
1711607636981 0.7476322665203542 0
1711607636982 0.6502372536821004 0
1711607636982 0.5711767694821633 0
1711607636983 0.506512730154644 0
1711607636984 0.4540291049317254 0
1711607636985 0.411381450934016 0
1711607636986 0.3764889012641471 0
1711607636987 0.3478616064179555 0
1711607636987 0.324600313997207 0
1711607636988 0.30527976998840073 0
1711607636989 0.2896362792572511 0
1711607636990 0.27650961130298296 0
1711607636991 0.26476704934510076 0
1711607636992 0.25570835901317296 0
1711607636992 0.24798325395813142 0
1711607636993 0.2408687648218948 0
1711607636994 0.23518576428198518 0
1711607636995 0.2293648128090119 0
1711607636996 0.2257041906355541 0
1711607636997 0.2217971973545853 0
1711607636997 0.2182515976494367 0
1711607636998 0.21472018734678497 0
1711607636999 0.21091129610021278 0
1711607637000 0.20889864320817372 0
1711607637001 0.20733543074213054 0
1711607637002 0.20581500691576254 0
1711607637003 0.20405500090924064 0
1711607637003 0.20213629081388973 0
1711607637004 0.2008461015206378 0
1711607637005 0.19947220910771135 0
1711607637006 0.19793540182513375 0
1711607637007 0.19718881916218123 0
1711607637008 0.19633941805622582 0
1711607637009 0.19452391451564957 0
1711607637010 0.19401546914360684 0
1711607637011 0.19288069228558133 0
1711607637012 0.191905607675451 0
1711607637012 0.19027578794842676 0
1711607637013 0.18824437997096363 0
1711607637014 0.18734407343115292 0
1711607637015 0.1865902969957109 0
1711607637016 0.18604512972060858 0
1711607637017 0.1846368244333305 0
1711607637017 0.18385870366285237 0
1711607637018 0.1822642006930952 0
1711607637019 0.18173369917760096 0
1711607637020 0.1800724260194115 0
1711607637021 0.17892306412102424 0
1711607637022 0.17842540474501556 0
1711607637022 0.17736090322472428 0
1711607637023 0.17647170239810955 0
