1711606995183 14548.324024962028 0
1711606995184 11838.999449736728 0
1711606995185 9658.113363033666 0
1711606995186 7860.354069365716 0
1711606995187 6401.006944604366 0
1711606995188 5274.809595527109 0
1711606995189 4296.645384156303 0
1711606995189 3547.2171295790245 0
1711606995190 2889.2226128010725 0
1711606995191 2355.214208352348 0
1711606995192 1937.4766537371336 0
1711606995193 1579.7924450665132 0
1711606995193 1289.0421209446242 0
1711606995194 1052.611500044335 0
1711606995195 861.6854576473116 0
1711606995196 703.3579788356641 0
1711606995196 574.2749913434888 0
1711606995197 471.0424139620457 0
1711606995198 385.3109985953296 0
1711606995199 316.31257015002393 0
1711606995199 259.1765856032371 0
1711606995200 212.52489132349672 0
1711606995201 179.8611945411343 0
1711606995202 148.7194204331479 0
1711606995202 122.852345516252 0
1711606995203 102.1053197077957 0
1711606995204 84.44656792322341 0
1711606995205 70.09445912017611 0
1711606995206 58.25429741152659 0
1711606995206 50.04356544294437 0
1711606995207 41.899036119255605 0
1711606995208 35.25290976420178 0
1711606995209 29.917737672698106 0
1711606995209 25.801480058051016 0
1711606995210 22.020164884262638 0
1711606995211 19.152625271316737 0
1711606995212 16.573434120542395 0
1711606995213 14.581991378301758 0
1711606995213 12.853325948174122 0
1711606995214 11.471424753649185 0
1711606995215 10.25295164124095 0
1711606995216 9.296328690586781 0
1711606995216 8.471310824655529 0
1711606995217 7.786204136872539 0
1711606995218 7.219669584477422 0
1711606995219 6.7380849742675695 0
1711606995220 6.3010121414663995 0
1711606995220 5.920974625311502 0
1711606995221 5.606578646597106 0
1711606995222 5.351659655675923 0
1711606995223 5.1321492975096294 0
1711606995223 4.909286207849463 0
1711606995224 4.7585006149458 0
1711606995225 4.55784586435812 0
1711606995226 4.423190088460132 0
1711606995226 4.306622673853987 0
1711606995227 4.166297233879854 0
1711606995228 4.096584169748435 0
1711606995229 4.001262598299693 0
1711606995230 3.9291382802161485 0
1711606995230 3.886086306369221 0
1711606995231 3.8000996583377167 0
1711606995232 3.745976556012133 0
1711606995233 3.7062840189907864 0
1711606995233 3.645066107808084 0
1711606995234 3.6106071754383096 0
1711606995235 3.5918182978311104 0
1711606995236 3.549393039583813 0
1711606995237 3.528781225124374 0
1711606995237 3.5048723292440855 0
1711606995238 3.4757435027259747 0
1711606995239 3.411509354179562 0
1711606995240 3.3991292720364026 0
1711606995240 3.343772381348977 0
1711606995241 3.327210836355956 0
1711606995242 3.3130042871990595 0
1711606995243 3.304210933712222 0
1711606995243 3.280227773233489 0
1711606995244 3.2625213244743803 0
1711606995245 3.2466460767294034 0
1711606995246 3.2404630182693555 0
1711606995246 3.223699577958112 0
1711606995247 3.2107994350743816 0
1711606995248 3.2064769649808142 0
1711606995249 3.202531821277845 0
1711606995249 3.192939216024398 0
1711606995250 3.178778852431404 0
1711606995251 3.1496714326278124 0
1711606995252 3.1467279600659914 0
1711606995252 3.1180666021299785 0
1711606995253 3.0836509134582246 0
1711606995254 3.0742627756483976 0
1711606995255 3.052107973682957 0
1711606995256 3.04111915304867 0
1711606995257 3.0326453513299128 0
1711606995257 3.0060515065975033 0
1711606995258 3.0011605460900355 0
1711606995259 2.9930885168199035 0
1711606995260 2.9640454053202268 0
1711606995261 2.9591147569488436 0
