1711607037662 14409.388621652699 0
1711607037663 11674.08322586945 0
1711607037664 9458.001691734866 0
1711607037665 7663.062261411455 0
1711607037666 6208.312616237217 0
1711607037667 5030.383559079676 0
1711607037668 4075.4633148173357 0
1711607037668 3302.097206779585 0
1711607037669 2676.1131316836704 0
1711607037670 2170.0770727107924 0
1711607037671 1758.2286431868292 0
1711607037671 1424.8788799951865 0
1711607037672 1154.6372872070842 0
1711607037673 935.797213837501 0
1711607037674 758.1964016305928 0
1711607037675 614.4045292020502 0
1711607037675 497.80878499904304 0
1711607037676 403.37543975282017 0
1711607037677 326.847364164844 0
1711607037678 264.9016747240664 0
1711607037678 214.679018999581 0
1711607037679 174.03166454643292 0
1711607037680 141.0657558591106 0
1711607037681 114.36222884244889 0
1711607037682 92.71932238277803 0
1711607037682 75.18820235552015 0
1711607037683 60.998402093759424 0
1711607037684 49.49763880414245 0
1711607037685 40.16796744244865 0
1711607037686 32.60804301035695 0
1711607037686 26.48314234999213 0
1711607037687 21.5213427324438 0
1711607037688 17.495936611499438 0
1711607037689 14.24335594771187 0
1711607037690 11.603305524816463 0
1711607037690 9.457111971854792 0
1711607037691 7.719384082625134 0
1711607037692 6.307331180351961 0
1711607037693 5.163835984113364 0
1711607037693 4.235722014235634 0
1711607037694 3.4830571899367437 0
1711607037695 2.8714861438835393 0
1711607037696 2.3771824876504075 0
1711607037697 1.970765090503797 0
1711607037697 1.643502225352525 0
1711607037698 1.377799864379881 0
1711607037699 1.162808399239134 0
1711607037700 0.9877697076108016 0
1711607037701 0.8451723403727521 0
1711607037702 0.7283685039712218 0
1711607037702 0.6278094566482636 0
1711607037703 0.550108795816066 0
1711607037704 0.48670921460229494 0
1711607037705 0.4342084686883529 0
1711607037706 0.391975786630232 0
1711607037706 0.3569988042276942 0
1711607037707 0.3279906913601472 0
1711607037708 0.3049245499390095 0
1711607037709 0.2845471936926106 0
1711607037709 0.26769774604792557 0
1711607037710 0.25322942348669736 0
1711607037711 0.241925891113547 0
1711607037712 0.23239880502752255 0
1711607037713 0.22413676028110407 0
1711607037713 0.21689447144915439 0
1711607037714 0.2108923277088462 0
1711607037715 0.2056383126651752 0
1711607037716 0.2013306502026494 0
1711607037716 0.19716529294004403 0
1711607037717 0.1932073536006008 0
1711607037718 0.1896352762038267 0
1711607037719 0.18608790904234931 0
1711607037720 0.18303247862199318 0
1711607037720 0.18016059193774506 0
1711607037721 0.17741218461469993 0
1711607037722 0.17211772510608528 0
1711607037723 0.1699245947237468 0
1711607037723 0.16845555422695058 0
1711607037724 0.16688521442000695 0
1711607037725 0.16601008962979044 0
1711607037726 0.16464730794055468 0
1711607037727 0.1627573036938355 0
1711607037727 0.16139365105847026 0
1711607037728 0.16023463843936278 0
1711607037729 0.15889081108323494 0
1711607037730 0.15820185278734747 0
1711607037731 0.15630124746765037 0
1711607037732 0.155042780112098 0
1711607037733 0.15427442432868685 0
1711607037733 0.1526626427838545 0
1711607037735 0.15215503259616883 0
1711607037735 0.14860855423487904 0
1711607037736 0.147384593361575 0
1711607037737 0.14529334257379925 0
1711607037738 0.14489195338916241 0
1711607037738 0.14429666832179994 0
1711607037739 0.1441720505281947 0
1711607037740 0.14382028860849086 0
1711607037741 0.14338218612234888 0
1711607037742 0.14305145035439412 0
