1711607630281 14505.83809909025 0
1711607630282 11888.203725790983 0
1711607630283 9854.383164770801 0
1711607630292 8169.575438608077 0
1711607630293 6707.780195909132 0
1711607630295 5462.407163783755 0
1711607630296 4491.207677377569 0
1711607630297 3808.178747748039 0
1711607630298 3217.4105545125344 0
1711607630299 2655.9271740285794 0
1711607630300 2195.7446899211895 0
1711607630301 1789.998500449662 0
1711607630302 1480.5621126010071 0
1711607630302 1271.7215859650282 0
1711607630304 1050.2281151685847 0
1711607630304 874.1475414378608 0
1711607630305 716.0556144639048 0
1711607630306 589.2670683149856 0
1711607630307 488.2595696874728 0
1711607630308 404.43126137582783 0
1711607630309 334.2813474945703 0
1711607630309 275.90496644455453 0
1711607630310 229.79233825484764 0
1711607630311 194.01701500297048 0
1711607630312 162.17151133915775 0
1711607630313 137.8556798786896 0
1711607630314 116.34834089422004 0
1711607630314 99.69861210800364 0
1711607630315 89.92510624130382 0
1711607630316 76.31641012676278 0
1711607630317 64.97032552608286 0
1711607630318 56.43351544928583 0
1711607630319 49.077121335865385 0
1711607630319 42.73337447358182 0
1711607630320 37.71656272479939 0
1711607630321 33.30513214391524 0
1711607630322 29.821044981594557 0
1711607630323 26.96296379068883 0
1711607630324 24.369626857662595 0
1711607630324 22.936452480294783 0
1711607630325 20.987509684000116 0
1711607630326 19.31146664843413 0
1711607630327 17.889140342479205 0
1711607630328 16.61351282744805 0
1711607630329 15.599089905895696 0
1711607630330 14.704712655015026 0
1711607630331 13.7808819670342 0
1711607630332 13.0432815746186 0
1711607630332 12.488082338543004 0
1711607630333 11.866781391388699 0
1711607630334 11.43500712328881 0
1711607630335 11.090211170802569 0
1711607630336 10.607955733720269 0
1711607630337 10.225305574255469 0
1711607630337 9.91638829090117 0
1711607630338 9.681625437433134 0
1711607630339 9.468299783622227 0
1711607630340 9.275191848691197 0
1711607630341 9.108606986991301 0
1711607630342 8.852730797195914 0
1711607630342 8.711976164517495 0
1711607630343 8.580397843764612 0
1711607630344 8.451188006430002 0
1711607630345 8.350504713914063 0
1711607630346 8.272936434194643 0
1711607630347 8.162449018602839 0
1711607630347 8.092485046090376 0
1711607630348 8.007769066581595 0
1711607630349 7.961056733690684 0
1711607630350 7.8955051123086335 0
1711607630351 7.781839606617673 0
1711607630352 7.65977693084013 0
1711607630353 7.589581869168031 0
1711607630354 7.538943424361198 0
1711607630355 7.509346436762905 0
1711607630356 7.452898441620078 0
1711607630356 7.412201926136003 0
1711607630357 7.370028416013507 0
1711607630358 7.273862673106018 0
1711607630359 7.234542277274476 0
1711607630360 7.150184591399667 0
1711607630361 7.106962909486104 0
1711607630361 7.074942722823582 0
1711607630362 7.034399620174074 0
1711607630363 6.981572063372987 0
1711607630364 6.8954462901445845 0
1711607630365 6.8785675000871285 0
1711607630366 6.8635842105162 0
1711607630366 6.799797898486618 0
1711607630367 6.751603948408647 0
1711607630368 6.720626150421179 0
1711607630369 6.700351287722534 0
1711607630370 6.673519215338324 0
1711607630371 6.650603107924309 0
1711607630371 6.580944810429783 0
1711607630372 6.566739651793666 0
1711607630373 6.5506559589992905 0
1711607630374 6.452196413219726 0
1711607630375 6.414044827238891 0
1711607630376 6.349362909784836 0
