1711607540972 17421.712779409907 0
1711607540973 17078.037842543083 0
1711607540974 16739.277071530167 0
1711607540976 16408.596546571447 0
1711607540977 16087.464446061364 0
1711607540978 15770.87790740987 0
1711607540978 15463.38820969709 0
1711607540979 15158.170756227937 0
1711607540980 14857.229843433588 0
1711607540981 14564.724786319328 0
1711607540982 14281.290197011325 0
1711607540983 13997.889891714027 0
1711607540984 13721.321098939365 0
1711607540985 13456.747192684476 0
1711607540985 13193.514697819486 0
1711607540986 12940.600641251205 0
1711607540987 12684.073964143983 0
1711607540988 12432.566141268884 0
1711607540989 12206.966656623832 0
1711607540991 11964.53940756847 0
1711607540991 11737.93913334643 0
1711607540992 11505.077430556288 0
1711607540993 11279.565115212863 0
1711607540994 11055.673807664807 0
1711607540995 10842.213851277056 0
1711607540996 10628.426430060063 0
1711607540997 10426.496008514345 0
1711607540998 10219.841971025813 0
1711607540998 10017.93708745348 0
1711607540999 9820.848607236494 0
1711607541000 9627.170333345992 0
1711607541001 9437.379150437537 0
1711607541002 9249.971796920952 0
1711607541003 9066.781665251396 0
1711607541004 8893.811711063534 0
1711607541004 8718.329259852899 0
1711607541005 8545.713641003593 0
1711607541006 8377.06306331098 0
1711607541007 8214.464252720833 0
1711607541008 8052.905585634074 0
1711607541009 7894.0999375643005 0
1711607541010 7743.50087177911 0
1711607541010 7590.410602387481 0
1711607541011 7444.918082325729 0
1711607541012 7300.531752585498 0
1711607541013 7156.416705277355 0
1711607541014 7018.513303030908 0
1711607541015 6891.379138073807 0
1711607541016 6758.424173147209 0
1711607541016 6624.446964154228 0
1711607541017 6493.198087453955 0
1711607541018 6364.608356549322 0
1711607541019 6238.45448585996 0
1711607541020 6119.264275943403 0
1711607541021 5999.066960901117 0
1711607541022 5881.052627504349 0
1711607541022 5765.742532560237 0
1711607541023 5671.636725794976 0
1711607541024 5560.568069727571 0
1711607541025 5450.4651645797285 0
1711607541026 5342.385243210097 0
1711607541027 5236.336213870328 0
1711607541028 5132.5561995625985 0
1711607541028 5032.884793264415 0
1711607541030 4933.512665843045 0
1711607541030 4835.756520665203 0
1711607541031 4746.22731074468 0
1711607541032 4652.59512907534 0
1711607541033 4560.6099697614245 0
1711607541034 4470.187142838925 0
1711607541035 4382.047876043518 0
1711607541036 4298.120537802577 0
1711607541037 4213.427978589325 0
1711607541038 4130.477163649439 0
1711607541039 4048.7066969234547 0
1711607541040 3970.052611795097 0
1711607541040 3891.456976811827 0
1711607541041 3815.9817324020755 0
1711607541042 3740.5346730214847 0
1711607541043 3666.592285103204 0
1711607541044 3594.2202142601986 0
1711607541045 3523.244989676859 0
1711607541046 3453.6813733239005 0
1711607541047 3385.4755946455316 0
1711607541048 3318.3488773329054 0
1711607541049 3252.782191859648 0
1711607541050 3190.5551178281153 0
1711607541051 3127.3246458018634 0
1711607541051 3065.919633240922 0
1711607541052 3005.2576761670935 0
1711607541053 2945.7230638308492 0
1711607541054 2887.6153617009495 0
1711607541055 2831.135074189425 0
1711607541056 2775.20410372487 0
1711607541057 2720.586575613288 0
1711607541057 2666.634462046585 0
1711607541058 2613.7571866835615 0
1711607541059 2563.005413392395 0
1711607541060 2512.7738727679766 0
1711607541061 2464.151908237553 0
