1711607033526 14393.80733474905 0
1711607033527 11659.853652842901 0
1711607033528 9445.172221251893 0
1711607033529 7651.108977890436 0
1711607033530 6197.78158847781 0
1711607033531 5020.57144382579 0
1711607033532 4066.9379723991324 0
1711607033533 3294.470160404661 0
1711607033534 2668.707145730867 0
1711607033535 2161.8137398040762 0
1711607033535 1751.1817957895198 0
1711607033536 1418.5623835816943 0
1711607033537 1149.121789783301 0
1711607033538 930.8577362953381 0
1711607033539 754.0512691688972 0
1711607033539 610.8283228569662 0
1711607033540 494.80677466675877 0
1711607033541 400.8261271202405 0
1711607033542 324.6928275080764 0
1711607033542 263.0214087919058 0
1711607033543 213.06472133708658 0
1711607033544 172.59477759977267 0
1711607033545 139.8131206616561 0
1711607033546 113.25775895603243 0
1711607033547 91.74554749141544 0
1711607033547 74.31985175446951 0
1711607033548 60.20383356938175 0
1711607033549 48.76953386225977 0
1711607033550 39.506407446035084 0
1711607033551 32.002899076339254 0
1711607033551 25.924678850763986 0
1711607033552 21.00075671613854 0
1711607033553 17.012188449245528 0
1711607033554 13.781141753817943 0
1711607033555 11.163945967016504 0
1711607033555 9.043639391921484 0
1711607033556 7.326124739960226 0
1711607033557 5.934815523174085 0
1711607033558 4.807837540523551 0
1711607033558 3.8948720518303475 0
1711607033559 3.155318970201571 0
1711607033560 2.556235109738041 0
1711607033561 2.0709364922704534 0
1711607033562 1.677815713684394 0
1711607033562 1.3593600482940418 0
1711607033563 1.1013966362506444 0
1711607033564 0.892424414115431 0
1711607033565 0.7231472455371858 0
1711607033565 0.5860186054528389 0
1711607033566 0.4749374241108544 0
1711607033567 0.38494472299086047 0
1711607033568 0.31204163074305236 0
1711607033569 0.25298544554282143 0
1711607033569 0.20514750529639522 0
1711607033570 0.16638952426104753 0
1711607033571 0.13499034870158536 0
1711607033572 0.10954742075436039 0
1711607033573 0.08893968040990029 0
1711607033573 0.07224102711066757 0
1711607033574 0.05870103946398381 0
1711607033575 0.047728056391157146 0
1711607033576 0.03884739234383304 0
1711607033577 0.031636287320672876 0
1711607033577 0.025801398253452523 0
1711607033578 0.02106765581299892 0
1711607033579 0.0172132212964082 0
1711607033580 0.014103406758282935 0
1711607033580 0.011574341627539517 0
1711607033581 0.009531204817442594 0
1711607033582 0.007865624170455138 0
1711607033583 0.006516451893622804 0
1711607033584 0.005408168095522873 0
1711607033584 0.004514568962569386 0
1711607033585 0.003779655377256333 0
1711607033586 0.0031847970088860152 0
1711607033587 0.0026996295642862404 0
1711607033588 0.002301537705107469 0
1711607033588 0.0019784128265928577 0
1711607033589 0.0017189490856704358 0
1711607033590 0.0015038413980867941 0
1711607033591 0.0013241485411906973 0
1711607033591 0.0011836225478250666 0
1711607033592 0.0010670828610117875 0
1711607033593 0.0009688444628830668 0
1711607033594 0.0008796907035754212 0
1711607033595 0.0008084082350193227 0
1711607033595 0.0007499424685496024 0
1711607033596 0.0007008515024969177 0
1711607033597 0.0006558528580301694 0
1711607033598 0.0006185717304628904 0
1711607033599 0.0005915922061987751 0
1711607033600 0.0005672763993903527 0
1711607033601 0.0005340602296257234 0
1711607033602 0.0005138882692391621 0
1711607033602 0.0004937133378131248 0
1711607033603 0.0004804877569367921 0
1711607033604 0.00046533674531417583 0
1711607033605 0.0004516411049666212 0
1711607033606 0.0004399022020437019 0
1711607033607 0.0004226276745516643 0
