1711606941861 16122.654817533517 0
1711606941862 14582.449762835657 0
1711606941863 13190.596178984371 0
1711606941864 11945.030280707984 0
1711606941865 10828.469164483571 0
1711606941866 9902.867445103953 0
1711606941867 8987.283400764129 0
1711606941867 8177.357491538759 0
1711606941868 7433.249224018727 0
1711606941869 6750.2765219859075 0
1711606941870 6150.288621083787 0
1711606941871 5586.95385924246 0
1711606941872 5074.5350139963975 0
1711606941873 4611.050506060926 0
1711606941874 4232.022051859945 0
1711606941875 3884.8672419401337 0
1711606941876 3524.0624053166875 0
1711606941877 3191.995057779881 0
1711606941879 2909.6260903133248 0
1711606941880 2640.6602537247013 0
1711606941881 2402.680517118173 0
1711606941882 2210.975402526398 0
1711606941883 2013.4208913465047 0
1711606941884 1826.3541880392204 0
1711606941885 1660.2201327497803 0
1711606941886 1514.2797722305834 0
1711606941887 1375.449086927964 0
1711606941888 1266.2208868592083 0
1711606941889 1152.2799982344507 0
1711606941889 1058.2746384054142 0
1711606941890 979.0751470002277 0
1711606941891 892.4289499969462 0
1711606941892 826.7794294510333 0
1711606941892 749.5332972269447 0
1711606941893 685.9023225200178 0
1711606941894 624.1984991622422 0
1711606941894 566.2530639929827 0
1711606941895 525.3139462237252 0
1711606941896 476.6976914604787 0
1711606941897 436.31249581501237 0
1711606941897 397.9688307806036 0
1711606941898 361.45211938620747 0
1711606941899 335.1503779563923 0
1711606941900 307.56061180769507 0
1711606941901 281.0592739426351 0
1711606941902 263.51671592451225 0
1711606941902 242.20807543671958 0
1711606941903 221.21628523605523 0
1711606941904 202.41567345187772 0
1711606941905 189.30362077147944 0
1711606941905 173.80693993316115 0
1711606941906 159.63184891082548 0
1711606941907 148.68154063876037 0
1711606941907 135.62461213626335 0
1711606941908 125.0672267751905 0
1711606941909 115.80656368005029 0
1711606941910 108.27102143049751 0
1711606941910 99.22444895444455 0
1711606941911 92.52728576635539 0
1711606941912 85.06715139733538 0
1711606941913 78.51500562369664 0
1711606941913 72.17503193240528 0
1711606941914 67.19992727070426 0
1711606941915 63.36995612303085 0
1711606941916 58.739587668340164 0
1711606941916 54.47882793226476 0
1711606941917 50.17055448709363 0
1711606941918 47.60230629650184 0
1711606941919 44.97228342925003 0
1711606941919 41.90882541364608 0
1711606941920 38.80110972960639 0
1711606941921 35.99663419873855 0
1711606941922 33.415150964517224 0
1711606941922 31.10695094958206 0
1711606941923 29.006337801145232 0
1711606941924 27.04874208510455 0
1711606941925 25.33997455881648 0
1711606941925 23.746383168768574 0
1711606941926 22.310148429351813 0
1711606941927 20.94777876852982 0
1711606941928 19.778149334743592 0
1711606941929 18.622475043743698 0
1711606941930 17.551617837200197 0
1711606941930 16.591906236266105 0
1711606941931 15.851214196321783 0
1711606941932 15.166052057840334 0
1711606941934 14.392675054279028 0
1711606941935 13.659766500487978 0
1711606941936 13.000398740223076 0
1711606941937 12.39637650867579 0
1711606941938 11.805915331677573 0
1711606941939 11.556182506838642 0
1711606941941 11.05925835619346 0
1711606941942 10.734402503026438 0
1711606941943 10.298245501895945 0
1711606941944 9.902138935998318 0
1711606941945 9.569250428009056 0
1711606941946 9.232024633774328 0
1711606941947 8.953055725872447 0
1711606941948 8.649427195220817 0
