1711607658730 14407.002344558363 0
1711607658731 11699.898849364166 0
1711607658732 9483.017067940833 0
1711607658733 7686.042196973528 0
1711607658734 6234.461157408413 0
1711607658735 5053.630429346054 0
1711607658736 4101.79259561879 0
1711607658737 3329.8736374369596 0
1711607658738 2712.803886995193 0
1711607658739 2202.449881864979 0
1711607658739 1792.7807924053513 0
1711607658740 1455.4129182362242 0
1711607658741 1181.2403163230294 0
1711607658742 964.3624228600485 0
1711607658743 788.5079064394814 0
1711607658744 639.5460103987944 0
1711607658744 518.8417227781177 0
1711607658745 421.3676834122954 0
1711607658746 342.1772380490305 0
1711607658747 278.97521114115267 0
1711607658748 227.96967920880152 0
1711607658749 185.17768641016323 0
1711607658750 150.46814618363842 0
1711607658750 122.88359531460696 0
1711607658751 99.96887321219145 0
1711607658752 81.60183044742217 0
1711607658753 66.43904969334362 0
1711607658754 54.430792010460706 0
1711607658755 45.005514256871535 0
1711607658755 36.77398486637696 0
1711607658756 30.198728684457066 0
1711607658757 24.728989744392383 0
1711607658758 20.40869689364954 0
1711607658759 17.275226845906527 0
1711607658760 14.241919920752355 0
1711607658761 11.980492293696305 0
1711607658761 10.009792532504969 0
1711607658762 8.350353752809806 0
1711607658763 7.029351359286184 0
1711607658764 5.91311353334599 0
1711607658765 5.005376741756219 0
1711607658766 4.275684273860663 0
1711607658766 3.6590549603921283 0
1711607658767 3.1725358748116195 0
1711607658768 2.7573512627014947 0
1711607658769 2.4358917727117224 0
1711607658770 2.1583996000099317 0
1711607658771 1.9416540197241168 0
1711607658772 1.758072581473105 0
1711607658772 1.6016466505631437 0
1711607658773 1.4700708163292437 0
1711607658774 1.3556517579404535 0
1711607658775 1.2667661084665165 0
1711607658776 1.184510253048266 0
1711607658777 1.118161129974762 0
1711607658778 1.0645250875996024 0
1711607658778 1.0185699974201055 0
1711607658779 0.9758269744123759 0
1711607658780 0.9412229674770017 0
1711607658781 0.9109119968978838 0
1711607658782 0.8840089376203857 0
1711607658783 0.8609483263176377 0
1711607658783 0.8417286336283568 0
1711607658784 0.8237622931123465 0
1711607658785 0.8038454108333778 0
1711607658786 0.7901761853166572 0
1711607658787 0.7782558396019515 0
1711607658788 0.7643799393581493 0
1711607658788 0.754822531030769 0
1711607658789 0.7407894009363655 0
1711607658790 0.7299166625436946 0
1711607658791 0.7213014156293139 0
1711607658792 0.7154404245872332 0
1711607658793 0.7064676910550054 0
1711607658794 0.7006548440013279 0
1711607658794 0.6940455730522183 0
1711607658795 0.6827781753764407 0
1711607658796 0.6786612271935025 0
1711607658797 0.6749739090967366 0
1711607658798 0.6702450782557159 0
1711607658799 0.6612499048661983 0
1711607658800 0.6571446692170337 0
1711607658801 0.6541259586777551 0
1711607658802 0.6450819456160896 0
1711607658803 0.640069623616607 0
1711607658804 0.6323012935591259 0
1711607658805 0.6285327642469236 0
1711607658806 0.6274664052095016 0
1711607658806 0.6256051879449314 0
1711607658807 0.6200896629577957 0
1711607658808 0.6149511179080897 0
1711607658809 0.6140393709951487 0
1711607658810 0.6126905206267416 0
1711607658811 0.6098551744475734 0
1711607658812 0.6061395135783381 0
1711607658813 0.6013330017290408 0
1711607658814 0.6007655448040892 0
1711607658815 0.5971305564417838 0
1711607658816 0.5964813875885006 0
1711607658817 0.5920474250090959 0
