1711607568658 16091.811640484391 0
1711607568659 14554.7462994563 0
1711607568660 13203.241713707099 0
1711607568661 11942.346763780573 0
1711607568662 10818.113326085639 0
1711607568663 9801.696448737755 0
1711607568664 8879.50071187089 0
1711607568665 8062.566016539258 0
1711607568666 7333.02015433477 0
1711607568666 6649.683336321525 0
1711607568667 6016.644614201377 0
1711607568668 5457.292761079717 0
1711607568669 4937.565506051221 0
1711607568670 4476.062602681994 0
1711607568670 4049.518014619537 0
1711607568671 3664.484418264444 0
1711607568672 3326.7138725458244 0
1711607568674 3010.1219111064884 0
1711607568675 2732.609851010832 0
1711607568677 2472.868731715507 0
1711607568677 2241.992939726131 0
1711607568678 2028.9290027417112 0
1711607568679 1836.3133877942935 0
1711607568681 1678.1142633585862 0
1711607568682 1519.224234803598 0
1711607568683 1375.5635090507867 0
1711607568684 1245.3818234486446 0
1711607568685 1136.7234025835269 0
1711607568686 1031.288014107248 0
1711607568687 933.9357374113882 0
1711607568688 848.616274721766 0
1711607568688 768.556290020834 0
1711607568689 702.1896061137154 0
1711607568690 635.8627866859385 0
1711607568691 577.8272129136423 0
1711607568692 523.5174179714572 0
1711607568692 475.5622419366934 0
1711607568693 430.9461243208211 0
1711607568694 392.21214087530564 0
1711607568695 358.6938829247101 0
1711607568696 325.10893186389677 0
1711607568696 294.87024153777725 0
1711607568697 267.33141264366395 0
1711607568698 242.89639919585915 0
1711607568699 221.74932353040882 0
1711607568700 201.11835197029453 0
1711607568700 182.494719120863 0
1711607568701 165.63246755074766 0
1711607568702 154.1319633088505 0
1711607568703 140.21122147282105 0
1711607568704 128.23523620544944 0
1711607568705 116.51833674084506 0
1711607568706 106.2264067312141 0
1711607568706 97.25229987207504 0
1711607568707 88.57868321713593 0
1711607568708 80.57938678049935 0
1711607568709 73.56549353898576 0
1711607568710 66.97091632842218 0
1711607568710 60.97064681935083 0
1711607568711 55.6893982049402 0
1711607568712 50.78555699685844 0
1711607568713 46.65433825444504 0
1711607568714 42.55947796633503 0
1711607568714 38.94181419801744 0
1711607568715 35.936059022452454 0
1711607568716 32.853444063978316 0
1711607568717 30.060807818899647 0
1711607568718 27.57630002872971 0
1711607568718 25.556842988787963 0
1711607568719 23.938714747676837 0
1711607568720 22.019963312164688 0
1711607568721 20.21998004542825 0
1711607568722 18.65489145479374 0
1711607568723 17.243593141969427 0
1711607568723 15.958418084102007 0
1711607568724 14.719689505002286 0
1711607568725 13.641382234559252 0
1711607568726 12.620656533057682 0
1711607568727 11.71560123271353 0
1711607568727 10.870687099325917 0
1711607568728 10.12238622567475 0
1711607568729 9.42183338702326 0
1711607568731 8.78694539560189 0
1711607568732 8.225593128747855 0
1711607568732 7.70433388865497 0
1711607568733 7.224327815898763 0
1711607568734 6.7880194313754325 0
1711607568735 6.390824711576292 0
1711607568736 6.01010732187453 0
1711607568737 5.676540250592661 0
1711607568737 5.400302416253698 0
1711607568738 5.119762534843655 0
1711607568739 4.8511626465230036 0
1711607568740 4.633626515649661 0
1711607568741 4.40964793572394 0
1711607568741 4.19944574785502 0
1711607568742 4.017675083943611 0
1711607568743 3.855622137785598 0
1711607568744 3.7013281926801156 0
1711607568745 3.5626410066597765 0
