1711607525292 17424.225754666648 0
1711607525293 17085.734282830315 0
1711607525295 16747.787007590214 0
1711607525296 16421.84786079805 0
1711607525297 16115.137477126522 0
1711607525297 15798.047043352302 0
1711607525298 15488.036077942292 0
1711607525299 15190.838068217543 0
1711607525300 14896.154387251328 0
1711607525301 14602.509554746126 0
1711607525302 14316.010596324551 0
1711607525303 14063.27276367508 0
1711607525304 13789.731916873183 0
1711607525305 13550.516747031857 0
1711607525306 13293.660615796045 0
1711607525307 13045.894071094066 0
1711607525307 12788.57283069751 0
1711607525308 12549.454808258459 0
1711607525309 12302.105798411176 0
1711607525310 12084.943312684512 0
1711607525311 11846.600168929523 0
1711607525312 11615.95774380452 0
1711607525313 11409.659135530219 0
1711607525313 11186.73366487645 0
1711607525314 10976.85119331668 0
1711607525315 10760.61260698166 0
1711607525316 10549.050064288727 0
1711607525317 10340.45330219151 0
1711607525318 10138.936889636452 0
1711607525319 9938.521244794829 0
1711607525320 9744.732847025953 0
1711607525320 9563.292887053169 0
1711607525321 9376.683540909584 0
1711607525322 9201.19369905117 0
1711607525323 9023.095593958675 0
1711607525324 8846.154100449203 0
1711607525325 8673.26394176412 0
1711607525326 8505.887540278829 0
1711607525327 8341.707363466621 0
1711607525327 8191.1045900268555 0
1711607525329 8031.252188959617 0
1711607525330 7875.584329518522 0
1711607525330 7723.268834313704 0
1711607525331 7574.30824392932 0
1711607525332 7436.153050298584 0
1711607525333 7289.825002286477 0
1711607525334 7146.115552013249 0
1711607525335 7007.875703805561 0
1711607525336 6869.759936667004 0
1711607525336 6735.134868333765 0
1711607525337 6603.12658109748 0
1711607525338 6474.005779569713 0
1711607525339 6346.5988316192115 0
1711607525340 6221.476421478824 0
1711607525341 6104.853440352865 0
1711607525342 5991.077514135086 0
1711607525343 5874.879197799072 0
1711607525344 5763.134716058944 0
1711607525344 5649.3790448459185 0
1711607525345 5540.132786403505 0
1711607525346 5432.863775796969 0
1711607525347 5331.922002951688 0
1711607525348 5228.620285922259 0
1711607525349 5138.261824421469 0
1711607525350 5044.023828145385 0
1711607525350 4945.465046889629 0
1711607525351 4851.095030177246 0
1711607525352 4760.141257123527 0
1711607525353 4671.8661384373545 0
1711607525354 4583.687819556118 0
1711607525355 4494.771540351671 0
1711607525356 4407.640582926963 0
1711607525357 4321.979096492595 0
1711607525357 4237.570531055552 0
1711607525358 4154.086816197459 0
1711607525359 4073.401578470396 0
1711607525360 3993.5928236952254 0
1711607525361 3916.791744088325 0
1711607525362 3842.806147512807 0
1711607525363 3767.100460092732 0
1711607525364 3692.9015842162084 0
1711607525365 3620.3213335835567 0
1711607525366 3550.224143446719 0
1711607525367 3480.5908493020806 0
1711607525368 3412.8867371274973 0
1711607525368 3351.5130616561123 0
1711607525369 3286.060676484519 0
1711607525370 3222.3965515813575 0
1711607525371 3159.2573291982285 0
1711607525372 3097.314812774909 0
1711607525373 3036.5911188380705 0
1711607525374 2978.323688299529 0
1711607525374 2923.4490909908654 0
1711607525375 2866.0690232047195 0
1711607525376 2809.915363958135 0
1711607525377 2758.014411849871 0
1711607525378 2703.891688376182 0
1711607525379 2650.790768895272 0
1711607525380 2601.109046879903 0
1711607525380 2554.9326898578784 0
