1711607537008 17416.292675390538 0
1711607537009 17070.208769025332 0
1711607537010 16731.349624826773 0
1711607537011 16399.198430277076 0
1711607537012 16074.772495286947 0
1711607537013 15756.576419143435 0
1711607537014 15443.640019408313 0
1711607537015 15137.048093358118 0
1711607537016 14837.525349795429 0
1711607537017 14545.859830854703 0
1711607537018 14258.829491021992 0
1711607537018 13975.513680659595 0
1711607537019 13697.743659222679 0
1711607537020 13426.024890180533 0
1711607537021 13160.875273237345 0
1711607537022 12899.871347415792 0
1711607537023 12645.224239661004 0
1711607537024 12394.511209747527 0
1711607537025 12149.201196841072 0
1711607537025 11908.456094520383 0
1711607537026 11672.1171952883 0
1711607537027 11440.337300969362 0
1711607537028 11213.366526456612 0
1711607537029 10992.243382894996 0
1711607537030 10776.703835142018 0
1711607537031 10563.200172866063 0
1711607537032 10353.594151208152 0
1711607537032 10148.631057164286 0
1711607537033 9947.138777532704 0
1711607537034 9751.057562038348 0
1711607537035 9557.617210865885 0
1711607537036 9367.865088418697 0
1711607537037 9182.522934971512 0
1711607537038 9000.50888984379 0
1711607537038 8821.656378466654 0
1711607537039 8648.050713400085 0
1711607537040 8478.204669197214 0
1711607537041 8310.838053271404 0
1711607537042 8145.677279615498 0
1711607537043 7984.112057508358 0
1711607537044 7826.473365942582 0
1711607537044 7670.979488008761 0
1711607537045 7518.80237502811 0
1711607537046 7369.722071736456 0
1711607537047 7223.395550030695 0
1711607537048 7079.96390340081 0
1711607537049 6939.325987786836 0
1711607537050 6801.656862045931 0
1711607537051 6666.732272937985 0
1711607537051 6534.280619609773 0
1711607537052 6404.992643926282 0
1711607537053 6278.724185378897 0
1711607537054 6154.206552607421 0
1711607537055 6031.957785611508 0
1711607537056 5912.306749692272 0
1711607537057 5794.88211715867 0
1711607537057 5681.116226501454 0
1711607537058 5568.255170858842 0
1711607537059 5458.162271376314 0
1711607537060 5350.146754160292 0
1711607537061 5244.504435249495 0
1711607537062 5140.37974317152 0
1711607537063 5038.367160001399 0
1711607537063 4938.882972929935 0
1711607537064 4840.993945532391 0
1711607537065 4744.805045765116 0
1711607537066 4650.5504414392335 0
1711607537067 4558.50588105758 0
1711607537068 4468.095096375086 0
1711607537069 4379.492748856757 0
1711607537070 4292.516614830641 0
1711607537071 4207.313654005284 0
1711607537072 4123.705817240418 0
1711607537072 4041.8679325383137 0
1711607537073 3961.7270088876676 0
1711607537074 3883.2177999320616 0
1711607537075 3807.1337302576358 0
1711607537076 3731.5176814040656 0
1711607537077 3657.520886895875 0
1711607537078 3585.3408009830587 0
1711607537079 3514.1890106986275 0
1711607537080 3444.399908142803 0
1711607537081 3376.664146843403 0
1711607537082 3309.6900239937677 0
1711607537082 3244.10369238542 0
1711607537083 3179.8043535378283 0
1711607537084 3116.756958466047 0
1711607537085 3054.8924061183825 0
1711607537086 2994.2539809566792 0
1711607537087 2934.890460507074 0
1711607537088 2876.8308027367357 0
1711607537089 2819.7136839421246 0
1711607537089 2763.999931194458 0
1711607537090 2709.203410973735 0
1711607537091 2656.0989482646637 0
1711607537092 2603.3532535503514 0
1711607537093 2551.6849440141996 0
1711607537094 2501.217012793146 0
1711607537095 2451.541539135706 0
1711607537095 2403.039486741075 0
