1711607528587 17434.201142749276 0
1711607528588 17099.565135984056 0
1711607528589 16772.54001210897 0
1711607528590 16481.578875135965 0
1711607528591 16192.983165662861 0
1711607528592 15889.050996992033 0
1711607528593 15596.835468646532 0
1711607528594 15332.527636851553 0
1711607528595 15033.894041621457 0
1711607528596 14739.954028499136 0
1711607528597 14450.084151848934 0
1711607528597 14170.196939749258 0
1711607528598 13925.858250225074 0
1711607528599 13664.942758210003 0
1711607528600 13403.184135450341 0
1711607528601 13170.325606967814 0
1711607528602 12942.8059852494 0
1711607528603 12742.145095378419 0
1711607528603 12534.421465719875 0
1711607528604 12313.44849607678 0
1711607528605 12075.687223596888 0
1711607528606 11837.499640254384 0
1711607528607 11625.077032953517 0
1711607528608 11396.624401064662 0
1711607528609 11188.271398317975 0
1711607528610 10981.085369066353 0
1711607528611 10774.217146330502 0
1711607528612 10567.090413961321 0
1711607528612 10380.864568148181 0
1711607528613 10188.559331888655 0
1711607528614 10009.3132707211 0
1711607528615 9827.206135708808 0
1711607528616 9637.11309397192 0
1711607528617 9460.289710231295 0
1711607528617 9302.35636120182 0
1711607528618 9122.467111587905 0
1711607528619 8948.73623927808 0
1711607528620 8776.375834665443 0
1711607528621 8609.892720398655 0
1711607528622 8440.260987529713 0
1711607528623 8286.664561732183 0
1711607528623 8124.711170889861 0
1711607528624 7968.692112902029 0
1711607528625 7831.023426007476 0
1711607528626 7695.458744015761 0
1711607528627 7559.0079226153175 0
1711607528628 7428.134089038991 0
1711607528629 7293.712273312147 0
1711607528630 7163.143058931136 0
1711607528630 7024.052015626584 0
1711607528631 6886.318346252462 0
1711607528632 6756.682474128781 0
1711607528633 6628.380493209963 0
1711607528634 6503.988972101651 0
1711607528635 6399.083928486838 0
1711607528636 6272.808303106251 0
1711607528637 6156.106992275711 0
1711607528638 6061.547071526153 0
1711607528638 5945.505803376414 0
1711607528639 5828.941275667908 0
1711607528640 5725.5285519083345 0
1711607528641 5613.81936292255 0
1711607528642 5525.307780790369 0
1711607528644 5418.210496923253 0
1711607528645 5314.432358956808 0
1711607528646 5215.110422922534 0
1711607528648 5125.610929869786 0
1711607528649 5025.481356196455 0
1711607528651 4933.57855723914 0
1711607528652 4854.795381558892 0
1711607528652 4759.866216116785 0
1711607528653 4674.889759083553 0
1711607528654 4591.700065727512 0
1711607528655 4503.625050407854 0
1711607528656 4419.859172989693 0
1711607528657 4333.176962880442 0
1711607528658 4248.3466953210345 0
1711607528659 4165.3279825947575 0
1711607528660 4096.073043996653 0
1711607528661 4016.5783578799096 0
1711607528662 3939.2296495908363 0
1711607528663 3866.991321199489 0
1711607528663 3792.7628353111963 0
1711607528664 3720.570821626102 0
1711607528665 3654.6504880507173 0
1711607528666 3587.5527365744692 0
1711607528667 3519.467666735383 0
1711607528668 3451.26344637567 0
1711607528669 3387.011794996011 0
1711607528670 3323.8772317256335 0
1711607528670 3258.87285004965 0
1711607528671 3197.935616763354 0
1711607528672 3141.359904802948 0
1711607528673 3086.6168806789838 0
1711607528674 3047.4047222471986 0
1711607528675 2988.0577827579023 0
1711607528676 2930.7396857877357 0
1711607528676 2879.6428276046613 0
1711607528677 2824.9336317042953 0
1711607528678 2773.319367862931 0
