1711607604075 16069.120843516062 0
1711607604076 14536.482289212254 0
1711607604077 13147.479800705138 0
1711607604078 11885.465680940662 0
1711607604079 10732.294244743303 0
1711607604080 9696.47088481469 0
1711607604081 8773.687246189593 0
1711607604082 7945.449984190059 0
1711607604083 7217.41210949344 0
1711607604084 6540.808899292517 0
1711607604084 5909.12353993989 0
1711607604085 5336.574083405937 0
1711607604086 4826.000740745964 0
1711607604087 4360.523793174331 0
1711607604088 3946.1282940059587 0
1711607604089 3602.672422725127 0
1711607604089 3255.072388401666 0
1711607604090 2950.0314602130493 0
1711607604091 2667.2355298845373 0
1711607604092 2408.7270309590745 0
1711607604093 2175.6818007220854 0
1711607604094 1965.6217189227777 0
1711607604094 1779.9006310821144 0
1711607604095 1609.7835197426195 0
1711607604096 1454.5368169241656 0
1711607604097 1325.5466323058124 0
1711607604098 1199.1662905845967 0
1711607604098 1085.106309617884 0
1711607604100 980.1965262861404 0
1711607604101 887.0186234411185 0
1711607604102 801.3560504835017 0
1711607604103 723.8542241268638 0
1711607604104 656.6587392508138 0
1711607604105 596.1669783888358 0
1711607604106 541.8692988113428 0
1711607604107 494.13461000576257 0
1711607604107 447.25927234075306 0
1711607604108 406.2747498855211 0
1711607604109 370.2578591260768 0
1711607604110 335.4932431801358 0
1711607604111 306.3422611298246 0
1711607604111 277.53109739884445 0
1711607604112 250.9834663752875 0
1711607604113 227.0948010670212 0
1711607604114 207.479653697742 0
1711607604115 188.25716143207362 0
1711607604116 170.62855569028224 0
1711607604116 154.6501743652739 0
1711607604117 140.3241007866723 0
1711607604118 127.42186342952292 0
1711607604119 115.69670526861806 0
1711607604120 105.11477238482685 0
1711607604121 95.2156722928907 0
1711607604121 86.51855086541904 0
1711607604122 78.51868482731633 0
1711607604123 71.31201951435698 0
1711607604124 65.06890157870323 0
1711607604125 59.05542837571145 0
1711607604126 53.602869398660495 0
1711607604126 48.80612707748603 0
1711607604127 44.39120108382642 0
1711607604128 40.383855746943574 0
1711607604129 36.801728154125264 0
1711607604130 33.58093948849007 0
1711607604131 30.61378060276273 0
1711607604132 27.905334298381337 0
1711607604133 25.456664177323198 0
1711607604133 23.23691417722492 0
1711607604134 21.43343268341449 0
1711607604135 19.63401910762169 0
1711607604136 17.939014720979475 0
1711607604137 16.453598076479818 0
1711607604139 15.131983823602727 0
1711607604140 13.882568707130723 0
1711607604141 12.808468916315608 0
1711607604141 11.757807451002114 0
1711607604142 10.896723767021808 0
1711607604143 10.039494498637268 0
1711607604144 9.306006931584962 0
1711607604145 8.619465267400079 0
1711607604146 8.053861148328554 0
1711607604146 7.459257967449515 0
1711607604148 6.993549088253589 0
1711607604149 6.512259728358109 0
1711607604149 6.074700486378235 0
1711607604150 5.672019515549018 0
1711607604151 5.308544234827174 0
1711607604152 5.016056749139972 0
1711607604153 4.725515694837615 0
1711607604155 4.446787237802496 0
1711607604156 4.208354962890753 0
1711607604157 3.972521494448231 0
1711607604158 3.7850192591479686 0
1711607604160 3.5916022031133226 0
1711607604161 3.4144435442048047 0
1711607604162 3.2382060505101387 0
1711607604164 3.0795409253774704 0
1711607604165 2.9409920795416786 0
1711607604166 2.81923073110194 0
1711607604168 2.705005934287524 0
