1711606992180 14458.294602320846 0
1711606992181 11768.689764120161 0
1711606992182 9579.136957874898 0
1711606992183 7800.864267438684 0
1711606992184 6346.225340064541 0
1711606992185 5171.329611305079 0
1711606992186 4208.204369191948 0
1711606992187 3427.4187228262986 0
1711606992188 2791.0305133918046 0
1711606992188 2274.3106471870738 0
1711606992189 1852.7148281744426 0
1711606992190 1509.1746590997382 0
1711606992191 1229.3642172750458 0
1711606992191 1002.2335042357885 0
1711606992192 816.3607384329391 0
1711606992193 666.0729209515023 0
1711606992194 542.924566995495 0
1711606992195 443.15562339502515 0
1711606992195 361.79648407682225 0
1711606992196 295.25450740513185 0
1711606992197 241.2765563004377 0
1711606992198 196.97306352947604 0
1711606992198 160.92882290089943 0
1711606992199 131.71838136554558 0
1711606992200 107.69124519470196 0
1711606992201 88.2626593623938 0
1711606992202 72.30246412013328 0
1711606992202 59.27283650425469 0
1711606992203 48.68740760204873 0
1711606992204 40.039917548558314 0
1711606992205 32.930726064771854 0
1711606992205 27.162037334270437 0
1711606992206 22.413622777829058 0
1711606992207 18.546409517520864 0
1711606992208 15.388242256520344 0
1711606992208 12.793428679245467 0
1711606992209 10.689817913617325 0
1711606992210 8.970458314340677 0
1711606992211 7.549867752745817 0
1711606992211 6.378595120131854 0
1711606992212 5.425046362175906 0
1711606992213 4.642569768053825 0
1711606992214 4.005091363173577 0
1711606992215 3.4868024752465794 0
1711606992215 3.054281263216777 0
1711606992216 2.7015709686658154 0
1711606992217 2.412747680759769 0
1711606992218 2.1772844153512505 0
1711606992219 1.9795979135455974 0
1711606992219 1.81836930176131 0
1711606992220 1.686181578733243 0
1711606992221 1.5768581525616154 0
1711606992222 1.4875401631823886 0
1711606992222 1.4136893334344316 0
1711606992223 1.35254562406752 0
1711606992224 1.3025975742343558 0
1711606992225 1.2609822327260167 0
1711606992226 1.225748752837675 0
1711606992226 1.197378426959004 0
1711606992227 1.1697184300922412 0
1711606992228 1.1471309136104697 0
1711606992229 1.1278671830803721 0
1711606992229 1.109420674815797 0
1711606992230 1.0957684752126868 0
1711606992231 1.0839434285254892 0
1711606992232 1.07382414996278 0
1711606992232 1.06485607362027 0
1711606992233 1.0549033694239165 0
1711606992234 1.0450220661812435 0
1711606992235 1.0386074094934017 0
1711606992235 1.031451038758374 0
1711606992236 1.0256451081261235 0
1711606992237 1.015699214768127 0
1711606992238 1.011134052531203 0
1711606992238 1.007375911783844 0
1711606992239 0.9987456377605214 0
1711606992240 0.9961260612446038 0
1711606992241 0.9919732697337402 0
1711606992241 0.9809220326719833 0
1711606992242 0.9739305984492218 0
1711606992243 0.9615322122649226 0
1711606992244 0.9551720536077576 0
1711606992244 0.9518435394446951 0
1711606992245 0.9504289099798044 0
1711606992246 0.9470213572414348 0
1711606992247 0.9438067496804967 0
1711606992248 0.9414854689321307 0
1711606992248 0.9292550182322339 0
1711606992249 0.9279952557520204 0
1711606992250 0.9260563930062592 0
1711606992251 0.9248822224197929 0
1711606992251 0.9150989120695808 0
1711606992253 0.9140970805248538 0
1711606992253 0.912627495605716 0
1711606992254 0.9116816790254684 0
1711606992255 0.9068135932965241 0
1711606992256 0.905955075104387 0
1711606992257 0.9042778004751583 0
1711606992257 0.8984417771995592 0
1711606992258 0.8968310577554061 0
