1711607022254 14443.530470421641 0
1711607022255 11706.330284176896 0
1711607022256 9485.060139413636 0
1711607022257 7685.227932807393 0
1711607022258 6227.8361963239595 0
1711607022259 5048.37742879393 0
1711607022260 4090.873405591353 0
1711607022263 3315.3770257771457 0
1711607022264 2692.0858937640564 0
1711607022265 2181.9723206363715 0
1711607022265 1770.5140571163636 0
1711607022266 1436.4616086564756 0
1711607022267 1164.436345190522 0
1711607022268 944.6884365940456 0
1711607022269 765.6287583126624 0
1711607022270 620.5672011262079 0
1711607022271 503.53344709428916 0
1711607022272 408.4817090036233 0
1711607022272 331.52541330320423 0
1711607022273 268.93005305862766 0
1711607022274 218.0957580387092 0
1711607022275 176.89778481726086 0
1711607022275 143.94686888115837 0
1711607022276 116.77042091256531 0
1711607022277 94.8180360438687 0
1711607022278 76.9550195436811 0
1711607022279 62.57462643563015 0
1711607022279 50.82525664205179 0
1711607022280 41.2952576144281 0
1711607022281 33.56556126602842 0
1711607022282 27.465867767971748 0
1711607022283 22.350992324142585 0
1711607022283 18.19739234668226 0
1711607022284 14.834668932575394 0
1711607022285 12.131187395890118 0
1711607022286 9.957318864072361 0
1711607022287 8.148897871920608 0
1711607022287 6.695334170039321 0
1711607022288 5.502080312540235 0
1711607022289 4.540874108010744 0
1711607022290 3.7527880748612827 0
1711607022290 3.112321619027283 0
1711607022291 2.59292562475631 0
1711607022292 2.1708208348662206 0
1711607022293 1.826739377956148 0
1711607022294 1.5428944100892665 0
1711607022294 1.3146723620425642 0
1711607022295 1.1287516064566498 0
1711607022296 0.9772532276665824 0
1711607022297 0.849677053003582 0
1711607022297 0.7475545925460139 0
1711607022298 0.6644393354264216 0
1711607022299 0.5958039487108393 0
1711607022300 0.5395120536949853 0
1711607022301 0.4937013442203609 0
1711607022302 0.4521460237950904 0
1711607022303 0.4183696602262751 0
1711607022303 0.392459401759938 0
1711607022304 0.37071017459954125 0
1711607022305 0.3496396370992959 0
1711607022306 0.33184517549220666 0
1711607022307 0.3191549114565902 0
1711607022307 0.30721416760193043 0
1711607022308 0.29779659137610964 0
1711607022309 0.28894670154514407 0
1711607022310 0.2801208008985136 0
1711607022310 0.2716691000351056 0
1711607022311 0.2645209016486749 0
1711607022312 0.25998419254639626 0
1711607022313 0.25551883213235116 0
1711607022314 0.25154780515205544 0
1711607022314 0.24639740881480754 0
1711607022315 0.24384380325024574 0
1711607022316 0.24117585521747942 0
1711607022317 0.23935541881529215 0
1711607022317 0.2374624732977258 0
1711607022318 0.2344438794383713 0
1711607022319 0.23222081540802772 0
1711607022320 0.2282425645976242 0
1711607022321 0.22578191646102339 0
1711607022321 0.22483423120865864 0
1711607022322 0.2240915362508646 0
1711607022323 0.22239268370661788 0
1711607022324 0.21956787195002797 0
1711607022325 0.2176410920965476 0
1711607022325 0.21665250326352894 0
1711607022327 0.21548784857615405 0
1711607022327 0.21397390855086118 0
1711607022328 0.21312744340801773 0
1711607022329 0.21177449001202936 0
1711607022330 0.20961605072460734 0
1711607022331 0.20769794731066832 0
1711607022332 0.20561670657801165 0
1711607022333 0.2047543366143992 0
1711607022333 0.20406272150562135 0
1711607022334 0.20254210426802383 0
1711607022335 0.20045834510614963 0
1711607022336 0.20019141519491554 0
1711607022336 0.19971238273921998 0
1711607022337 0.19928910111976306 0
