1711606935617 16070.00965220808 0
1711606935618 14535.836905301268 0
1711606935618 13147.338151192644 0
1711606935619 11893.785004199755 0
1711606935620 10757.37612302251 0
1711606935621 9732.65303735382 0
1711606935622 8802.808381328052 0
1711606935623 7964.546273871034 0
1711606935623 7206.445098480172 0
1711606935624 6520.394055924515 0
1711606935625 5897.575706857942 0
1711606935626 5336.427346987978 0
1711606935627 4826.894922179306 0
1711606935627 4368.370203448293 0
1711606935628 3951.480706127679 0
1711606935629 3575.8170558689167 0
1711606935629 3235.293487550724 0
1711606935630 2928.0981350894313 0
1711606935631 2650.258258865733 0
1711606935632 2397.575949388261 0
1711606935632 2169.684249509804 0
1711606935633 1963.996415218655 0
1711606935634 1777.5447544433082 0
1711606935635 1608.9594743240361 0
1711606935635 1455.9209768798708 0
1711606935636 1317.828401125675 0
1711606935637 1192.5572545035172 0
1711606935638 1079.5758310665858 0
1711606935638 977.1199749734117 0
1711606935639 884.6514117453271 0
1711606935640 800.7269211971109 0
1711606935641 725.0022813370293 0
1711606935641 656.248059334866 0
1711606935642 594.1816446321284 0
1711606935643 537.9017025285101 0
1711606935644 487.122786564722 0
1711606935644 441.0764665855286 0
1711606935645 399.354062678587 0
1711606935646 361.62914639063507 0
1711606935647 327.4966728891187 0
1711606935647 296.62667260559977 0
1711606935648 268.6805604524557 0
1711606935649 243.36698060144178 0
1711606935650 220.4493898473469 0
1711606935650 199.70185941526702 0
1711606935651 180.9396557889182 0
1711606935652 163.9114606365278 0
1711606935653 148.54158502054872 0
1711606935653 134.60302492676792 0
1711606935654 121.96055419725606 0
1711606935655 110.55933256227024 0
1711606935656 100.19605706625913 0
1711606935656 90.8428948763395 0
1711606935657 82.33508205961613 0
1711606935658 74.64535509618798 0
1711606935658 67.70425018521739 0
1711606935659 61.43448798960689 0
1711606935660 55.69494626652749 0
1711606935661 50.5230725543423 0
1711606935661 45.8066727407266 0
1711606935662 41.55505261365183 0
1711606935663 37.69069177797957 0
1711606935664 34.21087693757933 0
1711606935664 31.04579014753181 0
1711606935665 28.17142376912485 0
1711606935666 25.577493886111267 0
1711606935667 23.219123209194155 0
1711606935667 21.08886268359098 0
1711606935668 19.1474129555766 0
1711606935669 17.3945450103101 0
1711606935670 15.79625512398757 0
1711606935670 14.35105953682199 0
1711606935671 13.041640220804172 0
1711606935672 11.856517590692594 0
1711606935673 10.78038272241881 0
1711606935673 9.800993178329701 0
1711606935674 8.917399279840978 0
1711606935675 8.111485650455595 0
1711606935676 7.380796157792658 0
1711606935676 6.720182960520023 0
1711606935677 6.121500795664677 0
1711606935678 5.576749088259334 0
1711606935678 5.084493452257545 0
1711606935679 4.635707411465902 0
1711606935680 4.230161466475466 0
1711606935681 3.8633006398429734 0
1711606935681 3.5271775665932026 0
1711606935682 3.224960181782016 0
1711606935683 2.949541837601038 0
1711606935684 2.697190522985973 0
1711606935684 2.471170483235528 0
1711606935685 2.2632082926012136 0
1711606935686 2.0754646290909147 0
1711606935687 1.9058713649349173 0
1711606935688 1.7504292896619065 0
1711606935689 1.610009880590526 0
1711606935689 1.4830022727887433 0
1711606935690 1.366970116942415 0
1711606935691 1.2614169703560323 0
1711606935692 1.1659712763729089 0
