1711606928771 17416.066851159627 0
1711606928773 17070.07475950122 0
1711606928774 16742.173439165123 0
1711606928775 16411.20836248853 0
1711606928778 16085.065635561603 0
1711606928780 15766.365677915846 0
1711606928783 15453.186444251238 0
1711606928784 15147.940827775765 0
1711606928789 14847.715001558825 0
1711606928790 14552.805906712976 0
1711606928791 14263.653365092463 0
1711606928792 13980.487580393028 0
1711606928794 13703.082035646943 0
1711606928795 13434.878113521969 0
1711606928797 13167.894896704964 0
1711606928801 12907.436424133542 0
1711606928803 12651.750171642925 0
1711606928805 12401.400651946753 0
1711606928806 12155.35914345239 0
1711606928807 11914.689912424852 0
1711606928808 11677.992863459318 0
1711606928809 11445.850222030702 0
1711606928810 11218.396386132488 0
1711606928810 10996.433193754734 0
1711606928811 10778.312156709258 0
1711606928812 10564.956126431205 0
1711606928813 10355.330841712439 0
1711606928813 10149.621286931499 0
1711606928814 9947.983322310287 0
1711606928815 9750.823980703653 0
1711606928816 9557.290582823558 0
1711606928817 9367.30285023128 0
1711606928817 9181.164031220076 0
1711606928818 8998.666613024603 0
1711606928819 8820.404513579428 0
1711606928820 8645.36984702057 0
1711606928820 8473.535718404513 0
1711606928821 8305.96151230326 0
1711606928822 8140.808724528066 0
1711606928823 7978.990524246581 0
1711606928824 7821.117423814217 0
1711606928825 7665.990818121124 0
1711606928828 7513.592504524709 0
1711606928830 7364.562003480296 0
1711606928833 7218.123218687718 0
1711606928835 7075.3117496329605 0
1711606928836 6934.650212605109 0
1711606928837 6797.038747569184 0
1711606928838 6663.085838514016 0
1711606928840 6532.450778860801 0
1711606928841 6402.822975420296 0
1711606928843 6277.3279367327 0
1711606928844 6152.520099367328 0
1711606928845 6031.031614295599 0
1711606928846 5913.417017375258 0
1711606928848 5796.257448695673 0
1711606928849 5681.185322131163 0
1711606928850 5568.389185567125 0
1711606928851 5457.841727132035 0
1711606928852 5350.324287023118 0
1711606928853 5244.035322890358 0
1711606928854 5141.405641199057 0
1711606928856 5039.198998576219 0
1711606928857 4938.994958205055 0
1711606928859 4840.968923959568 0
1711606928860 4744.942227119931 0
1711606928862 4650.620325181161 0
1711606928863 4558.590363615746 0
1711606928864 4468.802825280647 0
1711606928865 4380.819679616034 0
1711606928867 4293.7947822918595 0
1711606928868 4208.408316676761 0
1711606928869 4124.742330453166 0
1711606928870 4042.7926660495873 0
1711606928871 3962.4975433822574 0
1711606928872 3883.765239390467 0
1711606928873 3806.617973321305 0
1711606928874 3730.967654815336 0
1711606928875 3656.901512809282 0
1711606928876 3584.2758458565972 0
1711606928878 3513.0372671734954 0
1711606928879 3443.441640287371 0
1711606928880 3374.9735860863584 0
1711606928881 3308.2050733601614 0
1711606928882 3242.532380998258 0
1711606928883 3178.1343751578333 0
1711606928884 3115.0789228414383 0
1711606928885 3053.3595971828136 0
1711606928886 2992.6722461163936 0
1711606928888 2933.2621895565326 0
1711606928888 2874.9943895625042 0
1711606928889 2818.0275920169684 0
1711606928890 2761.9931189411304 0
1711606928891 2707.825004475157 0
1711606928891 2654.0245107764727 0
1711606928892 2601.3190583588425 0
1711606928893 2549.6183339563236 0
1711606928894 2499.068607856105 0
1711606928894 2449.6826413326567 0
1711606928895 2401.4816853431244 0
