1711607045086 14400.931787082196 0
1711607045086 11739.674235969487 0
1711607045087 9520.623558524985 0
1711607045088 7725.740736376292 0
1711607045089 6280.437397333479 0
1711607045090 5091.574400465106 0
1711607045091 4130.617904751002 0
1711607045092 3351.4615247750776 0
1711607045093 2718.1814761314663 0
1711607045093 2204.1763283600535 0
1711607045094 1786.9850213927966 0
1711607045095 1466.5996716347051 0
1711607045096 1198.4813440193682 0
1711607045097 973.32582648457 0
1711607045097 790.0097174079418 0
1711607045098 641.5294466907307 0
1711607045099 522.3890517069328 0
1711607045100 424.3203299782768 0
1711607045101 347.92460438303107 0
1711607045102 282.552427220422 0
1711607045103 229.4475863859928 0
1711607045103 186.87860692231803 0
1711607045104 152.08634129002286 0
1711607045105 123.99227365436921 0
1711607045106 100.94949452362634 0
1711607045107 82.22952903834889 0
1711607045107 67.40430635244033 0
1711607045108 55.156309392886875 0
1711607045109 45.37046298207506 0
1711607045110 37.48796110138621 0
1711607045110 30.77022758603013 0
1711607045111 25.37823979812225 0
1711607045112 20.924634336531103 0
1711607045113 17.284530884868367 0
1711607045114 14.348820887115114 0
1711607045114 11.948066282992537 0
1711607045115 9.981301550242245 0
1711607045116 8.391514386468225 0
1711607045117 7.102336558012265 0
1711607045118 6.039822123832228 0
1711607045118 5.19131207907022 0
1711607045119 4.481169703910639 0
1711607045120 3.904904217162382 0
1711607045121 3.4233769562449137 0
1711607045121 3.026569592612791 0
1711607045122 2.6980581634523655 0
1711607045123 2.4269937285201952 0
1711607045124 2.2001450069570683 0
1711607045125 2.0180292325136295 0
1711607045125 1.8667480672292032 0
1711607045126 1.7468030391234988 0
1711607045127 1.6391149968495367 0
1711607045128 1.5414080533687011 0
1711607045129 1.4646105455648968 0
1711607045130 1.3978116768772813 0
1711607045130 1.3478278525288516 0
1711607045131 1.296301800322805 0
1711607045132 1.258576844985003 0
1711607045133 1.2194781184696155 0
1711607045134 1.1800354326193747 0
1711607045134 1.144261615784746 0
1711607045135 1.1170749416410508 0
1711607045136 1.0924639729960266 0
1711607045137 1.0747554235046435 0
1711607045138 1.0576102747687632 0
1711607045138 1.0429963028442966 0
1711607045139 1.0277002879479689 0
1711607045140 1.0058874791972676 0
1711607045141 0.993276275319614 0
1711607045141 0.974730960213593 0
1711607045142 0.9596177508211784 0
1711607045143 0.9479107095065089 0
1711607045144 0.9262303003796948 0
1711607045145 0.9035856516880613 0
1711607045145 0.8896138647092408 0
1711607045146 0.8756102292569965 0
1711607045147 0.8635668600950462 0
1711607045148 0.8563275343908742 0
1711607045149 0.8461104440377969 0
1711607045149 0.8403796262858082 0
1711607045150 0.8332694577746452 0
1711607045151 0.8242297898002647 0
1711607045152 0.8181603867790609 0
1711607045152 0.8110604926367481 0
1711607045153 0.8090109486301215 0
1711607045154 0.8043634637963741 0
1711607045155 0.7958121463357445 0
1711607045156 0.7942164605520498 0
1711607045157 0.7884308628977652 0
1711607045158 0.7851894768620138 0
1711607045159 0.7784664310827898 0
1711607045159 0.7771956035623719 0
1711607045160 0.7739678930866931 0
1711607045161 0.772231089009264 0
1711607045162 0.7717433110522312 0
1711607045162 0.765973787049855 0
1711607045163 0.7635919117439093 0
1711607045164 0.7544064997385028 0
1711607045165 0.7502332130040338 0
1711607045166 0.7497954120523393 0
