1711607544592 17418.82113058716 0
1711607544593 17087.024717107844 0
1711607544594 16748.383684913548 0
1711607544595 16417.452452749956 0
1711607544596 16093.369911626274 0
1711607544597 15777.589941736915 0
1711607544599 15479.412247133834 0
1711607544600 15172.75338735291 0
1711607544602 14872.463303159655 0
1711607544603 14582.598817520535 0
1711607544603 14300.149941207581 0
1711607544604 14019.199264263185 0
1711607544605 13741.050301512807 0
1711607544606 13472.37311874003 0
1711607544607 13210.122490055233 0
1711607544608 12955.810263374495 0
1711607544609 12703.08242260626 0
1711607544609 12452.496327067265 0
1711607544610 12208.296497732841 0
1711607544611 11968.578803745137 0
1711607544612 11745.070638341353 0
1711607544613 11521.36543905967 0
1711607544614 11299.355797313297 0
1711607544615 11078.48238913237 0
1711607544615 10868.210376441602 0
1711607544616 10653.850347011667 0
1711607544617 10446.321445733805 0
1711607544618 10254.395771277428 0
1711607544619 10052.599277984515 0
1711607544620 9854.832593986755 0
1711607544621 9660.390537250903 0
1711607544621 9495.903682100603 0
1711607544622 9312.937641756438 0
1711607544623 9136.232897753476 0
1711607544624 8957.802264326081 0
1711607544625 8784.156096392164 0
1711607544626 8615.104930238747 0
1711607544627 8453.206915706105 0
1711607544628 8287.693156905103 0
1711607544628 8127.228789129938 0
1711607544629 7966.697953292436 0
1711607544630 7817.541215062991 0
1711607544631 7662.893481222679 0
1711607544632 7511.9883063683765 0
1711607544633 7378.903420944851 0
1711607544634 7238.187153307036 0
1711607544634 7094.846967646115 0
1711607544635 6957.081327432643 0
1711607544636 6832.732464632033 0
1711607544637 6698.99609508294 0
1711607544638 6566.897078007287 0
1711607544639 6437.198818686934 0
1711607544640 6309.905248401742 0
1711607544641 6207.3081769245 0
1711607544642 6084.28536945634 0
1711607544643 5967.711230632884 0
1711607544644 5855.032790994385 0
1711607544646 5740.396056333062 0
1711607544647 5627.86612479332 0
1711607544648 5516.380850631119 0
1711607544649 5407.939581770326 0
1711607544649 5301.191907364558 0
1711607544650 5196.616551597182 0
1711607544651 5093.889501644229 0
1711607544652 4996.759767136003 0
1711607544653 4898.991099397084 0
1711607544654 4802.5077355713065 0
1711607544655 4714.206719928788 0
1711607544656 4622.14735201499 0
1711607544656 4531.83365993914 0
1711607544657 4443.323151772741 0
1711607544658 4358.510193341012 0
1711607544659 4280.357516297127 0
1711607544660 4195.829421451391 0
1711607544661 4112.912524731034 0
1711607544662 4035.9786507820972 0
1711607544663 3956.2687438251537 0
1711607544664 3878.5357849311727 0
1711607544665 3802.307984156464 0
1711607544666 3730.402536474062 0
1711607544667 3657.825989291985 0
1711607544667 3586.1114308939755 0
1711607544668 3517.5129973981175 0
1711607544669 3448.7659135546774 0
1711607544670 3381.1541992491116 0
1711607544671 3317.736792354459 0
1711607544672 3252.1878427898864 0
1711607544673 3189.6381053384944 0
1711607544673 3127.076975657625 0
1711607544674 3068.0298945333875 0
1711607544675 3007.8264582722168 0
1711607544676 2949.1448421772234 0
1711607544677 2891.965260296249 0
1711607544678 2835.896808691395 0
1711607544679 2780.5211436040854 0
1711607544679 2725.524743935558 0
1711607544680 2671.706158908918 0
1711607544681 2621.098157261414 0
1711607544682 2571.854385109734 0
1711607544683 2521.408590536021 0
