1711607008079 14465.304845227041 0
1711607008080 11777.857801983419 0
1711607008081 9558.49908602563 0
1711607008082 7758.4807586171955 0
1711607008083 6294.173011171667 0
1711607008084 5106.896028203198 0
1711607008085 4142.915563964182 0
1711607008086 3361.3951579245177 0
1711607008086 2736.6655669815254 0
1711607008087 2246.7010535427808 0
1711607008088 1826.1686339294945 0
1711607008089 1487.7837908426402 0
1711607008089 1212.6006394977585 0
1711607008090 984.1020398113264 0
1711607008091 802.5737714500866 0
1711607008092 652.1218438466092 0
1711607008093 530.4466487280262 0
1711607008093 431.24488794969335 0
1711607008094 351.98897139785447 0
1711607008095 286.6280679068296 0
1711607008096 233.7349492518426 0
1711607008097 190.77773061765816 0
1711607008097 155.753626542738 0
1711607008098 127.4111609147355 0
1711607008099 104.07324225854886 0
1711607008100 85.1348601442035 0
1711607008102 70.32012752331039 0
1711607008103 57.719625647631105 0
1711607008104 47.41857502646003 0
1711607008106 39.05356260872351 0
1711607008107 32.32166607508272 0
1711607008108 26.745018082234065 0
1711607008109 22.238817802219952 0
1711607008110 18.56390076411171 0
1711607008111 15.558371039812814 0
1711607008112 13.132328339404845 0
1711607008113 11.17403006536721 0
1711607008113 9.544640466868575 0
1711607008114 8.22491947321277 0
1711607008115 7.122359221518179 0
1711607008116 6.237058145683882 0
1711607008117 5.492934186043595 0
1711607008117 4.89215032613181 0
1711607008118 4.374924643242597 0
1711607008119 3.9569142822274372 0
1711607008120 3.6183211134385744 0
1711607008120 3.3305225819969713 0
1711607008121 3.093753193781707 0
1711607008122 2.890768802996136 0
1711607008123 2.7260449189627436 0
1711607008124 2.5902078135280786 0
1711607008124 2.4609078646794402 0
1711607008125 2.3572898436706926 0
1711607008126 2.275177534090794 0
1711607008127 2.2044406022725638 0
1711607008127 2.1374296995338185 0
1711607008128 2.078172240250683 0
1711607008129 2.03003392536564 0
1711607008130 1.9956040023735637 0
1711607008131 1.9606051329737486 0
1711607008132 1.9351596966664626 0
1711607008132 1.9026429019841284 0
1711607008133 1.8725066769899084 0
1711607008134 1.8346441102265496 0
1711607008135 1.8154035935826878 0
1711607008136 1.78072657559471 0
1711607008136 1.7496819523999354 0
1711607008137 1.718935088107906 0
1711607008138 1.7016559685224981 0
1711607008139 1.6844781337741814 0
1711607008140 1.6757819933584306 0
1711607008140 1.6692791176180766 0
1711607008141 1.6543699346654408 0
1711607008142 1.6408512186538102 0
1711607008143 1.6275019811202327 0
1711607008143 1.6187246912698674 0
1711607008144 1.6123234782958182 0
1711607008145 1.6055731566924594 0
1711607008146 1.6011061108286868 0
1711607008147 1.597931159292589 0
1711607008147 1.5944521889567091 0
1711607008148 1.590175833514557 0
1711607008149 1.5764128717646435 0
1711607008150 1.5740414187712544 0
1711607008151 1.5607071775851058 0
1711607008152 1.5503230167650226 0
1711607008153 1.546976194609349 0
1711607008153 1.543667058194891 0
1711607008154 1.533100681449572 0
1711607008155 1.529900828501164 0
1711607008156 1.5161485962808539 0
1711607008156 1.5143977820083692 0
1711607008157 1.5006002620564667 0
1711607008158 1.498017501185176 0
1711607008159 1.4947801557290799 0
1711607008160 1.4827954295050139 0
1711607008160 1.4815415310945923 0
1711607008161 1.4734108135236714 0
1711607008162 1.462978993678459 0
1711607008163 1.4514693965150742 0
