1711607507553 17456.935915348957 0
1711607507554 17121.330259978047 0
1711607507555 16787.405947249394 0
1711607507556 16460.129323213805 0
1711607507557 16147.892404164857 0
1711607507558 15837.429852703057 0
1711607507559 15541.94276307294 0
1711607507559 15289.695686258981 0
1711607507560 15007.300771601573 0
1711607507561 14719.203426278273 0
1711607507562 14432.525875362608 0
1711607507563 14151.525907708661 0
1711607507564 13875.62904475581 0
1711607507565 13605.542068294691 0
1711607507565 13344.410388308934 0
1711607507566 13091.677001483564 0
1711607507567 12840.36290352075 0
1711607507568 12590.585217643229 0
1711607507569 12345.119983759376 0
1711607507570 12105.06800960073 0
1711607507571 11894.957353707268 0
1711607507572 11683.201383627405 0
1711607507572 11464.395622696074 0
1711607507573 11248.552219913585 0
1711607507574 11035.244798993761 0
1711607507575 10825.01009454416 0
1711607507576 10614.643328352007 0
1711607507577 10410.670599286783 0
1711607507577 10211.186994511918 0
1711607507578 10015.705781228171 0
1711607507579 9821.061346945138 0
1711607507580 9653.329211935274 0
1711607507581 9467.812594129737 0
1711607507582 9283.821197443714 0
1711607507583 9103.48264364696 0
1711607507583 8963.952391069412 0
1711607507584 8793.87414216701 0
1711607507585 8622.78793443345 0
1711607507586 8459.219486547985 0
1711607507587 8294.818303359072 0
1711607507588 8142.524149088211 0
1711607507589 8012.27257753443 0
1711607507589 7865.496022716651 0
1711607507590 7714.648584132893 0
1711607507591 7564.39899393358 0
1711607507592 7417.330376981435 0
1711607507593 7273.2956123049 0
1711607507594 7131.695843753928 0
1711607507595 7001.21048929362 0
1711607507595 6867.519771389542 0
1711607507596 6733.8875126172115 0
1711607507597 6630.280498831706 0
1711607507598 6501.348273306394 0
1711607507599 6377.836155454857 0
1711607507600 6253.9467824030535 0
1711607507601 6132.3600860219485 0
1711607507602 6020.427866542307 0
1711607507602 5905.587719435632 0
1711607507603 5790.756450169645 0
1711607507604 5678.287878566307 0
1711607507605 5568.07807916612 0
1711607507606 5466.539677174914 0
1711607507607 5367.625090332289 0
1711607507608 5266.000631546158 0
1711607507609 5163.671624743779 0
1711607507609 5063.549814767196 0
1711607507610 4965.196932182646 0
1711607507611 4872.0178233675715 0
1711607507612 4778.38318967364 0
1711607507613 4685.667980162737 0
1711607507614 4596.418330540425 0
1711607507615 4510.792843450794 0
1711607507615 4428.699099416663 0
1711607507616 4346.545646882003 0
1711607507617 4262.15238106188 0
1711607507618 4181.04288431131 0
1711607507619 4099.87219025098 0
1711607507620 4021.1176607977322 0
1711607507620 3948.026160067895 0
1711607507621 3874.96223152513 0
1711607507622 3799.776444136199 0
1711607507623 3742.4252345956497 0
1711607507624 3669.828829311886 0
1711607507625 3600.5437049462853 0
1711607507626 3531.416911256816 0
1711607507627 3463.05058049847 0
1711607507629 3396.992979173572 0
1711607507630 3333.9983901134037 0
1711607507631 3273.9096353743535 0
1711607507632 3210.5176724724142 0
1711607507633 3152.2916565315413 0
1711607507634 3105.1358361753114 0
1711607507635 3045.03072207623 0
1711607507636 2986.094336056552 0
1711607507637 2928.3604694018736 0
1711607507637 2871.720212862671 0
1711607507638 2816.160556845476 0
1711607507639 2761.6377090911274 0
1711607507640 2711.742841127211 0
1711607507641 2661.476535343722 0
