1711606955123 16044.900715548169 0
1711606955124 14502.155012919533 0
1711606955125 13110.56206312022 0
1711606955126 11849.950764779316 0
1711606955126 10708.963554140119 0
1711606955128 9782.285561694624 0
1711606955128 8840.576913221288 0
1711606955129 7985.201417809701 0
1711606955130 7226.5423543592115 0
1711606955131 6530.795083230012 0
1711606955132 5902.267265780784 0
1711606955132 5402.326917843471 0
1711606955133 4887.172305616437 0
1711606955134 4413.929552466777 0
1711606955135 3991.1008376040572 0
1711606955136 3613.362305885229 0
1711606955136 3269.5795839996017 0
1711606955137 2955.9694890979486 0
1711606955138 2672.4600706119127 0
1711606955138 2417.239833770072 0
1711606955139 2185.4110421465566 0
1711606955140 1976.747804863674 0
1711606955141 1791.5503588529411 0
1711606955141 1618.2519820254854 0
1711606955142 1462.184525088515 0
1711606955143 1322.610306660888 0
1711606955144 1195.9059899153533 0
1711606955144 1083.497669877747 0
1711606955145 983.995248920747 0
1711606955146 890.0608943860882 0
1711606955147 804.7251352037705 0
1711606955147 732.9398013885651 0
1711606955148 664.3212523723893 0
1711606955149 601.1816646679171 0
1711606955150 544.2490898959004 0
1711606955150 492.9422731046321 0
1711606955151 447.9283492403009 0
1711606955152 411.3469428793593 0
1711606955153 375.1323033692984 0
1711606955153 341.95161126485937 0
1711606955154 310.16723721184053 0
1711606955155 280.8739409253199 0
1711606955156 254.0999951986609 0
1711606955156 229.96671355139193 0
1711606955157 208.09871670443937 0
1711606955158 188.4714010634998 0
1711606955159 170.6962428394808 0
1711606955159 154.76035376179536 0
1711606955160 140.68445850381312 0
1711606955161 127.77697172731988 0
1711606955162 116.10304393435405 0
1711606955162 105.26397308268238 0
1711606955163 95.42788462924669 0
1711606955164 86.8095506191319 0
1711606955164 79.00507880892013 0
1711606955165 71.9879414477769 0
1711606955166 65.74195078815411 0
1711606955167 59.701106258282884 0
1711606955168 54.24061728618143 0
1711606955168 49.45312035094248 0
1711606955169 45.251447355478994 0
1711606955170 41.207918088556 0
1711606955171 37.51050136361614 0
1711606955171 34.17339395712104 0
1711606955172 31.148736369198897 0
1711606955173 28.433729326552186 0
1711606955174 26.00839995900277 0
1711606955174 24.227145308560246 0
1711606955175 22.66011438448415 0
1711606955176 20.741188999687505 0
1711606955176 18.984688506664064 0
1711606955177 17.45986145015476 0
1711606955178 16.029722683263284 0
1711606955179 14.707874779110963 0
1711606955179 13.568018755633386 0
1711606955180 12.603413967583393 0
1711606955181 11.602823762939662 0
1711606955182 10.699705289792474 0
1711606955182 9.898198176825623 0
1711606955183 9.184755224695953 0
1711606955184 8.510600275345494 0
1711606955185 7.897041908407717 0
1711606955185 7.339793664307892 0
1711606955186 6.844155165442072 0
1711606955187 6.435422964924313 0
1711606955188 6.06651247510004 0
1711606955190 5.674316602374148 0
1711606955191 5.325557924613134 0
1711606955191 4.989815629122765 0
1711606955192 4.700230125106439 0
1711606955193 4.439853202061466 0
1711606955194 4.18859188299118 0
1711606955195 3.9744041845145195 0
1711606955196 3.7937941696182853 0
1711606955198 3.601200131494803 0
1711606955199 3.4345864305029012 0
1711606955199 3.2885376323593416 0
1711606955200 3.1431284724357123 0
1711606955201 3.00383668444755 0
1711606955202 2.903649189028516 0
