1711607532936 17415.672985430792 0
1711607532937 17069.53150972172 0
1711607532938 16730.273237137084 0
1711607532939 16397.763048902758 0
1711607532940 16071.86729818152 0
1711607532941 15752.445113105521 0
1711607532942 15439.38047722269 0
1711607532943 15132.546081621213 0
1711607532945 14831.795236501364 0
1711607532946 14537.033359175026 0
1711607532947 14248.134938042003 0
1711607532949 13964.938419376183 0
1711607532952 13687.384738194249 0
1711607532954 13415.37575942656 0
1711607532955 13148.738906171631 0
1711607532956 12887.435459760727 0
1711607532957 12631.297112256703 0
1711607532958 12380.264829047093 0
1711607532959 12134.239498495925 0
1711607532960 11893.089514379519 0
1711607532961 11656.695475146329 0
1711607532962 11425.036724026726 0
1711607532962 11197.957955856955 0
1711607532963 10975.42626280328 0
1711607532964 10757.27668329051 0
1711607532965 10543.507018898586 0
1711607532966 10333.945544440168 0
1711607532967 10128.572489543687 0
1711607532968 9927.280188645955 0
1711607532969 9729.987647701504 0
1711607532970 9536.63061155848 0
1711607532970 9347.078790237452 0
1711607532971 9161.291236976333 0
1711607532972 8979.22521276219 0
1711607532973 8800.779786979225 0
1711607532974 8625.875438363337 0
1711607532975 8454.426545192184 0
1711607532976 8286.419470515542 0
1711607532977 8121.726077738947 0
1711607532977 7960.323465291705 0
1711607532978 7802.106308619344 0
1711607532979 7647.0629194906915 0
1711607532980 7495.0818481998795 0
1711607532981 7346.136537101816 0
1711607532982 7200.126440374576 0
1711607532983 7057.0405030071115 0
1711607532984 6916.794423492371 0
1711607532985 6779.320442958908 0
1711607532986 6644.601482777866 0
1711607532986 6512.548314035087 0
1711607532987 6383.123998505925 0
1711607532988 6256.2600196040485 0
1711607532989 6131.929441527459 0
1711607532990 6010.0705600893225 0
1711607532991 5890.620609793129 0
1711607532992 5773.560549797867 0
1711607532992 5658.827230697181 0
1711607532993 5546.358912300838 0
1711607532994 5436.141805490748 0
1711607532995 5328.104302946528 0
1711607532996 5222.222401905165 0
1711607532997 5118.438453191907 0
1711607532998 5016.726019309518 0
1711607532999 4917.01915372103 0
1711607533000 4819.307132105476 0
1711607533000 4723.535831176814 0
1711607533001 4629.658433675493 0
1711607533002 4537.65895581382 0
1711607533003 4447.478551694555 0
1711607533004 4359.095124932625 0
1711607533005 4272.4727695119755 0
1711607533006 4187.5582887013215 0
1711607533007 4104.343080367875 0
1711607533008 4022.779563509116 0
1711607533009 3942.829484839444 0
1711607533010 3864.478987597258 0
1711607533010 3787.678985780176 0
1711607533011 3712.412075655245 0
1711607533012 3638.6303263097257 0
1711607533013 3566.323391000733 0
1711607533014 3495.4529492534434 0
1711607533015 3425.9929449549 0
1711607533016 3357.9035427273357 0
1711607533016 3291.1758241244333 0
1711607533017 3225.7708689394035 0
1711607533018 3161.669956333386 0
1711607533019 3098.8425382312967 0
1711607533020 3037.2562009190738 0
1711607533021 2976.9014578386573 0
1711607533022 2917.7467627794304 0
1711607533022 2859.7635946694086 0
1711607533023 2802.9372518156424 0
1711607533024 2747.2325948537964 0
1711607533025 2692.6403106013036 0
1711607533026 2639.1338120320493 0
1711607533027 2586.685535460507 0
1711607533028 2535.2862215894006 0
1711607533028 2484.90673122353 0
1711607533029 2435.5230315045715 0
1711607533030 2387.1266323667583 0
