1711607574978 16115.887791671195 0
1711607574979 14620.592834697876 0
1711607574980 13243.573409891529 0
1711607574981 12186.542975793916 0
1711607574982 11155.412846452891 0
1711607574983 10353.020872462175 0
1711607574984 9386.54413758054 0
1711607574985 8716.59738675883 0
1711607574985 8282.943160808396 0
1711607574986 7504.460421475979 0
1711607574987 6838.4392311499105 0
1711607574988 6210.541290820876 0
1711607574989 5679.6756202889555 0
1711607574989 5220.183065379919 0
1711607574990 4733.527781576983 0
1711607574991 4414.835308185045 0
1711607574992 3997.351952985453 0
1711607574993 3640.5925401671775 0
1711607574994 3297.6801880145304 0
1711607574994 3027.57241465254 0
1711607574995 2756.255548756641 0
1711607574996 2497.13128506736 0
1711607574997 2292.7154512895045 0
1711607574998 2091.0316902233403 0
1711607574998 1895.3193370893298 0
1711607574999 1721.9532287229417 0
1711607575000 1593.0520179575087 0
1711607575001 1480.5868737174492 0
1711607575002 1348.8920153768017 0
1711607575002 1229.950287419407 0
1711607575003 1119.0122592893376 0
1711607575004 1025.199717623158 0
1711607575005 958.6797554625681 0
1711607575006 874.0932486290515 0
1711607575006 797.4352360321149 0
1711607575007 726.0683760242678 0
1711607575008 664.0103277421935 0
1711607575009 615.3708808778819 0
1711607575010 559.5126960038517 0
1711607575010 518.6002452184748 0
1711607575011 475.1760090929372 0
1711607575012 435.86212212383884 0
1711607575013 397.04984695287146 0
1711607575014 368.9510246188768 0
1711607575015 339.80040796907554 0
1711607575015 311.42424621182505 0
1711607575016 288.67001259719024 0
1711607575017 264.8209061033709 0
1711607575018 248.55389826318392 0
1711607575019 232.06916789660508 0
1711607575019 219.44271881266843 0
1711607575020 210.76346148693912 0
1711607575021 195.32571458787947 0
1711607575022 179.24220663054015 0
1711607575023 164.75120634878135 0
1711607575023 153.42422042594322 0
1711607575024 148.05506954976548 0
1711607575025 136.828205328605 0
1711607575026 129.34452189919477 0
1711607575027 120.20134147333798 0
1711607575027 115.8934398238655 0
1711607575028 107.87666787866499 0
1711607575029 100.48240880573665 0
1711607575030 93.54629736947392 0
1711607575031 88.32083380573104 0
1711607575031 82.05173773690544 0
1711607575032 76.86850517024105 0
1711607575033 71.48860667454971 0
1711607575034 66.59031874018142 0
1711607575035 62.691402046674874 0
1711607575035 58.77482188438161 0
1711607575036 55.000839479172335 0
1711607575037 54.30186027293702 0
1711607575038 51.33500047119055 0
1711607575039 48.32577910403791 0
1711607575039 45.60961416482919 0
1711607575040 44.85461253421123 0
1711607575041 42.46800350838485 0
1711607575042 40.054367715609175 0
1711607575043 38.11197229866683 0
1711607575044 36.27405225953001 0
1711607575044 34.48113888701778 0
1711607575045 32.81623753982713 0
1711607575046 31.34593584469057 0
1711607575047 30.509643895428965 0
1711607575048 29.18712849216405 0
1711607575049 28.421121091456754 0
1711607575050 27.362276829847357 0
1711607575051 26.275649220033003 0
1711607575052 25.481955643430055 0
1711607575052 24.509152703077984 0
1711607575053 23.752154709815926 0
1711607575054 22.878052829162396 0
1711607575055 22.01483400612717 0
1711607575056 21.217417539756383 0
1711607575056 20.624759301460504 0
1711607575057 19.934501729787037 0
1711607575058 19.30339110016125 0
1711607575059 18.701639348197915 0
1711607575060 18.27215327215303 0
