1711606981470 16037.30856872268 0
1711606981471 14475.175774233887 0
1711606981472 13067.179081571887 0
1711606981474 11793.588320814926 0
1711606981475 10644.5403365877 0
1711606981476 9610.64822161613 0
1711606981477 8674.88426404139 0
1711606981478 7829.621548077149 0
1711606981479 7067.097215110682 0
1711606981481 6378.536716072861 0
1711606981482 5758.48245898061 0
1711606981483 5197.468600498843 0
1711606981484 4691.353719389548 0
1711606981485 4234.154469795278 0
1711606981486 3821.5049937148515 0
1711606981488 3449.8350188034274 0
1711606981488 3113.7527569883737 0
1711606981489 2810.553341783545 0
1711606981490 2536.713850414382 0
1711606981491 2289.819935408967 0
1711606981491 2066.8218177364784 0
1711606981492 1865.5320204479885 0
1711606981493 1683.7782332237962 0
1711606981494 1520.0622437792154 0
1711606981494 1371.9737390030527 0
1711606981495 1238.6117471373907 0
1711606981496 1117.964441789903 0
1711606981497 1009.0261116162432 0
1711606981497 910.8265409676808 0
1711606981498 822.0829551182683 0
1711606981499 741.9791184100646 0
1711606981500 669.703750902036 0
1711606981501 604.4940560771693 0
1711606981502 545.6147323261275 0
1711606981502 492.4820679693141 0
1711606981503 444.52774573799167 0
1711606981504 401.30033776321505 0
1711606981505 362.29312879777063 0
1711606981505 327.0098736159205 0
1711606981506 295.1861479742385 0
1711606981507 266.4366695097633 0
1711606981508 240.50250199508864 0
1711606981508 217.09353921815887 0
1711606981509 195.96143587170988 0
1711606981510 176.8816846897285 0
1711606981511 159.6940564567017 0
1711606981511 144.14434843784758 0
1711606981512 130.11543464453678 0
1711606981513 117.44661631314095 0
1711606981514 106.01522368568672 0
1711606981515 95.70799663327898 0
1711606981515 86.39439578574435 0
1711606981516 77.98514908033448 0
1711606981517 70.40652123759028 0
1711606981518 63.55888003982735 0
1711606981518 57.38912350585581 0
1711606981519 51.811954897759236 0
1711606981520 46.78923197574692 0
1711606981521 42.2389140335493 0
1711606981521 38.15696843707304 0
1711606981522 34.44734180986626 0
1711606981523 31.10082661298099 0
1711606981524 28.090376509564358 0
1711606981524 25.363808647810522 0
1711606981525 22.90268705929537 0
1711606981526 20.67932448149933 0
1711606981527 18.672729707775854 0
1711606981528 16.861818845752786 0
1711606981529 15.2274217049663 0
1711606981529 13.751557338488631 0
1711606981530 12.42043038432465 0
1711606981531 11.218165005629558 0
1711606981532 10.132417446194438 0
1711606981532 9.152639960452825 0
1711606981533 8.268765039201496 0
1711606981534 7.470591690873816 0
1711606981535 6.74991379455238 0
1711606981535 6.09942206569501 0
1711606981536 5.512189269236965 0
1711606981537 4.983271750505226 0
1711606981538 4.504656612545628 0
1711606981538 4.073660054772758 0
1711606981539 3.6834198716378843 0
1711606981540 3.331389739524832 0
1711606981541 3.013780490801276 0
1711606981542 2.7265426820981276 0
1711606981543 2.4673073761211 0
1711606981544 2.2328789424220576 0
1711606981544 2.0217107287455773 0
1711606981545 1.8308807831282339 0
1711606981546 1.6586217949121063 0
1711606981547 1.5031181518259955 0
1711606981547 1.3625272532064328 0
1711606981548 1.235723605481684 0
1711606981549 1.1209476617515113 0
1711606981550 1.0176238233004746 0
1711606981550 0.9242093298535589 0
1711606981551 0.8398203520805982 0
1711606981552 0.7636871575308903 0
1711606981553 0.6948632516466321 0
