1711606998137 14806.199200236913 0
1711606998137 12126.63373553218 0
1711606998138 9936.636796601184 0
1711606998139 8197.095285208434 0
1711606998140 6675.873990241457 0
1711606998141 5497.176012103578 0
1711606998142 4478.781863615635 0
1711606998143 3697.670325359838 0
1711606998143 3112.7449170913246 0
1711606998144 2544.8233229418693 0
1711606998145 2166.8160238083838 0
1711606998146 1775.409037049114 0
1711606998146 1474.7822575329492 0
1711606998147 1242.2613510075432 0
1711606998148 1026.5560093817546 0
1711606998149 840.4826238852354 0
1711606998150 699.0392578881422 0
1711606998150 577.1149207941027 0
1711606998151 484.1318433218645 0
1711606998152 412.9998790289297 0
1711606998153 345.82163152816946 0
1711606998153 285.94223823771415 0
1711606998154 237.4344381566784 0
1711606998155 201.09473797955252 0
1711606998156 169.10540069839288 0
1711606998156 146.34538715440587 0
1711606998157 123.7650210123675 0
1711606998158 104.89255770831087 0
1711606998159 89.28705435650745 0
1711606998160 80.18924414492156 0
1711606998160 69.01847321965677 0
1711606998161 60.94159923459776 0
1711606998162 54.821140443927256 0
1711606998163 48.13330824064394 0
1711606998163 42.701054037756265 0
1711606998164 37.75781244959078 0
1711606998165 35.20280642729523 0
1711606998166 31.47064357387102 0
1711606998166 28.453866203641894 0
1711606998167 26.674238463259144 0
1711606998168 24.198949822585828 0
1711606998169 22.33086200945035 0
1711606998169 20.437926265341062 0
1711606998170 19.11987740754388 0
1711606998171 17.68771106604821 0
1711606998172 16.657958033196255 0
1711606998173 15.631725389922789 0
1711606998173 14.87381863817291 0
1711606998174 14.179794945813725 0
1711606998175 13.578847010097645 0
1711606998176 13.01779024425443 0
1711606998177 12.539531710318583 0
1711606998177 12.009502692208565 0
1711606998178 11.696186749194034 0
1711606998179 11.352127782496842 0
1711606998180 11.068877427219178 0
1711606998180 10.800537253302808 0
1711606998181 10.591319954655322 0
1711606998182 10.38879150916041 0
1711606998183 10.220191209594256 0
1711606998183 10.072440695504653 0
1711606998184 9.948530077227847 0
1711606998185 9.801060626544261 0
1711606998186 9.585125830546247 0
1711606998186 9.506114802377292 0
1711606998187 9.40407068550608 0
1711606998188 9.311265705378595 0
1711606998189 9.183510158354299 0
1711606998189 9.059801949478267 0
1711606998190 9.008564474596696 0
1711606998191 8.921595309745921 0
1711606998192 8.8710611354001 0
1711606998193 8.82414981187398 0
1711606998193 8.747415510639975 0
1711606998194 8.714697877216176 0
1711606998195 8.640020117164113 0
1711606998196 8.608079127844121 0
1711606998196 8.544842440268837 0
1711606998197 8.49199872758351 0
1711606998198 8.45329403441419 0
1711606998199 8.397841705404831 0
1711606998199 8.338062936604807 0
1711606998200 8.316613000151472 0
1711606998201 8.290900976280806 0
1711606998202 8.23098926998296 0
1711606998202 8.218531030033766 0
1711606998203 8.185833271149345 0
1711606998204 8.147894238124332 0
1711606998205 8.124152009108819 0
1711606998205 8.090391457641967 0
1711606998206 8.046219914568042 0
1711606998207 8.034730583413907 0
1711606998208 7.996908641811567 0
1711606998209 7.978640106977227 0
1711606998210 7.954603939746477 0
1711606998211 7.94544542780451 0
1711606998211 7.91093383615619 0
1711606998212 7.823372405907199 0
1711606998213 7.810776621223791 0
1711606998214 7.778488832173876 0
