1711607014535 15046.067979303247 0
1711607014536 12433.593782248108 0
1711607014537 10112.99155664236 0
1711607014539 8239.133837364743 0
1711607014540 6714.958187690169 0
1711607014541 5800.674449481595 0
1711607014542 4786.0683318199035 0
1711607014542 3913.4610395113586 0
1711607014543 3185.0010183877093 0
1711607014544 2593.227355665885 0
1711607014545 2172.154324128257 0
1711607014546 1781.4061788743618 0
1711607014546 1499.2392421538132 0
1711607014547 1225.6940920782924 0
1711607014548 1004.2657773025652 0
1711607014549 873.9036399814926 0
1711607014549 727.7901609902923 0
1711607014550 601.5013333442948 0
1711607014551 502.7826832698242 0
1711607014552 422.7895610072035 0
1711607014553 359.44650762649957 0
1711607014553 299.0739143002981 0
1711607014554 248.27930430408426 0
1711607014555 209.30593340065084 0
1711607014556 175.68787797310324 0
1711607014557 147.7888947185161 0
1711607014557 129.92099629192685 0
1711607014558 110.9898690397864 0
1711607014559 94.82116521796965 0
1711607014560 84.16368841426969 0
1711607014560 73.07896666236277 0
1711607014561 64.3173800636828 0
1711607014562 57.08351659289939 0
1711607014563 50.224353747376234 0
1711607014564 44.75661769687742 0
1711607014564 41.35821865876738 0
1711607014565 38.19318814169947 0
1711607014566 34.86431938481209 0
1711607014567 31.988650169780247 0
1711607014567 29.532865502404796 0
1711607014568 27.3752975901107 0
1711607014569 25.54123595821249 0
1711607014570 24.15216369819821 0
1711607014570 22.687367216634108 0
1711607014571 21.494169066047853 0
1711607014572 20.45760951441629 0
1711607014573 19.801402231678008 0
1711607014574 19.009162156797235 0
1711607014574 18.36820891598546 0
1711607014575 17.670471289108864 0
1711607014576 17.109980179485536 0
1711607014577 16.682620538654135 0
1711607014577 16.26464314543232 0
1711607014578 15.91214257028475 0
1711607014579 15.525777979062973 0
1711607014580 15.280735836105523 0
1711607014581 14.994051971991755 0
1711607014581 14.642541650380979 0
1711607014582 14.35104827102846 0
1711607014583 14.142159008503029 0
1711607014584 13.975036006341664 0
1711607014584 13.822962589993889 0
1711607014585 13.636417864266294 0
1711607014586 13.501500125646398 0
1711607014587 13.261036592442368 0
1711607014588 13.057047200483797 0
1711607014588 12.906838231464274 0
1711607014589 12.795871957930782 0
1711607014590 12.713618136366067 0
1711607014591 12.6602041385106 0
1711607014591 12.581730120486316 0
1711607014592 12.503640325673858 0
1711607014593 12.3739629084208 0
1711607014594 12.235253781861214 0
1711607014594 12.080915556882557 0
1711607014595 12.020621939963897 0
1711607014596 11.943019685951784 0
1711607014597 11.79802852552602 0
1711607014598 11.76893693986042 0
1711607014598 11.655913134876585 0
1711607014599 11.550619107058793 0
1711607014600 11.49194891994649 0
1711607014601 11.46199254026068 0
1711607014601 11.35079865596462 0
1711607014602 11.299512538882096 0
1711607014603 11.23652567848277 0
1711607014604 10.947911922090269 0
1711607014605 10.875039986712444 0
1711607014605 10.795107693839691 0
1711607014606 10.77506923450895 0
1711607014607 10.67608816465129 0
1711607014608 10.612350416585665 0
1711607014609 10.540542630148373 0
1711607014610 10.448865655350092 0
1711607014610 10.322200136919918 0
1711607014611 10.229431218988962 0
1711607014612 10.211934802885391 0
1711607014613 10.110447793759034 0
1711607014614 10.087113581816594 0
1711607014614 10.002163347100915 0
