1711607004689 14409.364366778454 0
1711607004690 11685.55006287169 0
1711607004691 9475.943185733675 0
1711607004692 7684.611868601427 0
1711607004693 6232.713422569709 0
1711607004694 5054.338015568002 0
1711607004695 4099.7423816932705 0
1711607004695 3325.621514390223 0
1711607004696 2697.0693906828415 0
1711607004697 2187.8732518120505 0
1711607004698 1774.1210226055246 0
1711607004699 1438.8989266484054 0
1711607004699 1167.324737060605 0
1711607004700 946.8879181017501 0
1711607004701 767.939146544587 0
1711607004702 622.9658515991644 0
1711607004703 505.41898291886906 0
1711607004704 410.0963327255853 0
1711607004704 332.706759080475 0
1711607004705 269.9592472522656 0
1711607004706 219.07239320530175 0
1711607004707 177.74082345912566 0
1711607004707 144.26979394923163 0
1711607004708 117.0923830357628 0
1711607004709 95.04722294960557 0
1711607004710 77.15921827164382 0
1711607004710 62.65015755579981 0
1711607004711 50.88062564851983 0
1711607004712 41.33314937788096 0
1711607004713 33.589749292466166 0
1711607004713 27.303529754319875 0
1711607004714 22.208969180549442 0
1711607004715 18.074424526289572 0
1711607004716 14.715636922288114 0
1711607004717 11.993550796505428 0
1711607004717 9.782786511599186 0
1711607004718 7.984434473305279 0
1711607004719 6.528356277806857 0
1711607004720 5.342393559715751 0
1711607004720 4.381391586661885 0
1711607004721 3.6011667665447846 0
1711607004722 2.9673603616067123 0
1711607004723 2.4530325735441743 0
1711607004723 2.034721669374314 0
1711607004724 1.6956241278012214 0
1711607004725 1.4201680450032548 0
1711607004726 1.1965714445764235 0
1711607004727 1.0147440055979455 0
1711607004727 0.8673731065135653 0
1711607004728 0.7476322665203613 0
1711607004729 0.6502372536821054 0
1711607004730 0.5711767694821682 0
1711607004731 0.5065127301546483 0
1711607004732 0.4540291049317292 0
1711607004732 0.4113814509340196 0
1711607004733 0.37648890126415047 0
1711607004734 0.34786160641795855 0
1711607004735 0.3246003139972065 0
1711607004736 0.3052797699884 0
1711607004736 0.28963627925725116 0
1711607004737 0.2765096113029832 0
1711607004738 0.2647670493451011 0
1711607004739 0.2557083590131742 0
1711607004739 0.24798325395813298 0
1711607004740 0.24086876482189623 0
1711607004741 0.23518576428198662 0
1711607004742 0.2293648128090162 0
1711607004742 0.2257041906355576 0
1711607004743 0.22179719735458642 0
1711607004744 0.21825159764943786 0
1711607004745 0.2147201873467862 0
1711607004746 0.21091129610021395 0
1711607004746 0.20889864320817506 0
1711607004747 0.20733543074213193 0
1711607004748 0.20581500691576393 0
1711607004749 0.2040550009092421 0
1711607004750 0.2021362908138912 0
1711607004750 0.20084610152063934 0
1711607004751 0.19947220910771285 0
1711607004752 0.1979354018251354 0
1711607004753 0.19718881916218287 0
1711607004753 0.19633941805622745 0
1711607004754 0.1945239145156512 0
1711607004755 0.19401546914360854 0
1711607004756 0.19288069228558316 0
1711607004756 0.1919056076754529 0
1711607004757 0.19027578794842864 0
1711607004758 0.1882443799709655 0
1711607004759 0.18734407343115467 0
1711607004760 0.18659029699571267 0
1711607004761 0.18604512972061038 0
1711607004762 0.18463682443333215 0
1711607004763 0.18385870366285406 0
1711607004763 0.18226420069309687 0
1711607004764 0.18173369917760268 0
1711607004765 0.18007242601941287 0
1711607004766 0.1789097554827917 0
1711607004766 0.17756326618218862 0
1711607004767 0.17685362784596312 0
1711607004768 0.17623260929190462 0
