1711607643816 14500.488951220843 0
1711607643817 12099.202352058463 0
1711607643818 9823.624587733946 0
1711607643819 7989.511272478908 0
1711607643820 6508.035415151374 0
1711607643821 5284.042120779342 0
1711607643822 4293.696868804002 0
1711607643823 3506.1084080645333 0
1711607643824 2865.665177451348 0
1711607643824 2341.050007078182 0
1711607643825 1934.6323608941211 0
1711607643826 1571.0183326336848 0
1711607643827 1277.9389270170034 0
1711607643828 1040.3893651241453 0
1711607643829 856.279365664323 0
1711607643829 708.0821406821353 0
1711607643830 577.6550055853969 0
1711607643831 471.0370147869306 0
1711607643832 391.61018697125047 0
1711607643833 321.3831001650505 0
1711607643834 266.2292899554156 0
1711607643835 218.06520156137236 0
1711607643835 178.4945124030573 0
1711607643836 148.6197797294383 0
1711607643837 122.64583079177514 0
1711607643838 101.64183534308182 0
1711607643839 84.00681792630513 0
1711607643840 69.9015286982628 0
1711607643840 58.125363247232116 0
1711607643841 49.33700927751319 0
1711607643842 41.47593264538228 0
1711607643843 35.21502413225954 0
1711607643844 30.075327205504546 0
1711607643845 25.99634002348543 0
1711607643845 22.485236390959603 0
1711607643846 19.305521824613226 0
1711607643847 16.997241302429327 0
1711607643848 14.881759252912353 0
1711607643850 13.103265723999598 0
1711607643851 11.665293193902555 0
1711607643852 10.535122444862962 0
1711607643853 9.536986922003953 0
1711607643854 8.708396976447052 0
1711607643855 8.003867780689617 0
1711607643856 7.399139012572253 0
1711607643857 6.891312251825054 0
1711607643857 6.492227697619088 0
1711607643858 6.1486150877719705 0
1711607643859 5.823951268684059 0
1711607643860 5.5443446937742795 0
1711607643861 5.3532152385829 0
1711607643862 5.175603395018782 0
1711607643863 5.059883335980064 0
1711607643864 4.900494333773399 0
1711607643864 4.790614173266098 0
1711607643865 4.669228012524765 0
1711607643866 4.577438962881232 0
1711607643867 4.500011870500337 0
1711607643868 4.426089279740726 0
1711607643869 4.3475044536986385 0
1711607643869 4.277594932443105 0
1711607643870 4.219847350835721 0
1711607643871 4.162097606073514 0
1711607643872 4.123051699262072 0
1711607643873 4.084301167228117 0
1711607643874 4.033123508457567 0
1711607643875 3.9999692376945015 0
1711607643875 3.9461032955285145 0
1711607643876 3.895705042566077 0
1711607643877 3.789235465062269 0
1711607643878 3.7653220696910017 0
1711607643879 3.7099749429424587 0
1711607643880 3.679043248188923 0
1711607643880 3.664118933356734 0
1711607643881 3.6311293157999067 0
1711607643882 3.5650912824952496 0
1711607643883 3.5488343745095783 0
1711607643884 3.5356718382032604 0
1711607643885 3.5245718789826146 0
1711607643885 3.5013187273993136 0
1711607643886 3.475121526586837 0
1711607643887 3.426754990782618 0
1711607643889 3.4177592241945716 0
1711607643889 3.3943549559509703 0
1711607643890 3.3865978983972442 0
1711607643891 3.351774737839197 0
1711607643892 3.3444760689923325 0
1711607643893 3.327355735108768 0
1711607643894 3.313307195968608 0
1711607643895 3.3009838793888733 0
1711607643895 3.297590999839734 0
1711607643896 3.286383270365809 0
1711607643897 3.199297445762302 0
1711607643898 3.1783187009194984 0
1711607643899 3.1661055475427315 0
1711607643900 3.1580632195113516 0
1711607643901 3.154138154701387 0
1711607643902 3.148479729025806 0
1711607643902 3.120265061542006 0
1711607643903 3.1099727075313743 0
