1711607025790 14430.980238501163 0
1711607025791 11701.8231517962 0
1711607025792 9488.081813754552 0
1711607025792 7691.052373945282 0
1711607025793 6234.785330456388 0
1711607025794 5063.770529275535 0
1711607025795 4118.605471141542 0
1711607025796 3338.970788207549 0
1711607025796 2709.2861078478686 0
1711607025797 2202.352179260833 0
1711607025798 1785.941352168202 0
1711607025799 1448.1016553590193 0
1711607025799 1179.9772940806772 0
1711607025800 964.4897079247771 0
1711607025801 787.3906525136105 0
1711607025802 638.690201597149 0
1711607025803 518.161217798976 0
1711607025804 422.28385712574624 0
1711607025805 345.4815552570787 0
1711607025805 285.7861167620153 0
1711607025806 232.64347766314006 0
1711607025807 189.13304784276534 0
1711607025808 154.18257983756018 0
1711607025808 125.41119551775428 0
1711607025809 102.76496321608455 0
1711607025810 83.67679138999269 0
1711607025811 68.23309062101319 0
1711607025812 55.644604945374454 0
1711607025812 45.46723220267188 0
1711607025813 37.18978790454694 0
1711607025814 30.47646961361164 0
1711607025815 25.019147166117886 0
1711607025816 20.647087945251446 0
1711607025816 17.07483265846262 0
1711607025817 14.174690225507804 0
1711607025818 11.79661885692279 0
1711607025819 9.837479314802161 0
1711607025819 8.395460911146737 0
1711607025820 7.066776351350242 0
1711607025822 5.990296368114703 0
1711607025823 5.104314547760059 0
1711607025824 4.405141291609286 0
1711607025825 3.814073568966601 0
1711607025826 3.3400956103947954 0
1711607025828 2.9407147591288965 0
1711607025829 2.618316294214446 0
1711607025830 2.3622883866541544 0
1711607025831 2.141828572416226 0
1711607025832 1.9575317638581458 0
1711607025833 1.8038802038648047 0
1711607025835 1.6808490068279223 0
1711607025836 1.573705790171392 0
1711607025837 1.4893606262923005 0
1711607025838 1.4173622657364107 0
1711607025839 1.3579518130324404 0
1711607025841 1.3057989019992824 0
1711607025842 1.260870331024605 0
1711607025843 1.2221242418599052 0
1711607025844 1.1891153382994688 0
1711607025845 1.1578947973966196 0
1711607025847 1.1309685063668076 0
1711607025848 1.1141154175985695 0
1711607025849 1.0924518839317423 0
1711607025850 1.0765790563046744 0
1711607025851 1.0602693078492738 0
1711607025853 1.0421823843112714 0
1711607025854 1.0278995569863407 0
1711607025855 1.0174974135534993 0
1711607025856 1.0093716377591808 0
1711607025857 0.9992527802627167 0
1711607025858 0.9922058997638352 0
1711607025860 0.9847578456431549 0
1711607025861 0.9779907570057887 0
1711607025862 0.9708628523864635 0
1711607025863 0.9666247846951045 0
1711607025864 0.9608501548885562 0
1711607025866 0.9554661178585971 0
1711607025867 0.9508931970179132 0
1711607025868 0.9413497553204773 0
1711607025869 0.9309446765572247 0
1711607025870 0.9266195113022779 0
1711607025871 0.9214457240883656 0
1711607025872 0.9177586505961876 0
1711607025874 0.9117448641975887 0
1711607025875 0.9059412379324062 0
1711607025876 0.9037909723669852 0
1711607025877 0.8936104821076204 0
1711607025878 0.8882318986720483 0
1711607025879 0.8853276330429072 0
1711607025881 0.8766866760490322 0
1711607025882 0.8748894675807883 0
1711607025883 0.8720708923752234 0
1711607025884 0.8675937797185176 0
1711607025885 0.8671048031001605 0
1711607025886 0.8597820954148434 0
1711607025888 0.8562219812215136 0
1711607025889 0.8528805775779936 0
1711607025890 0.8483662247829575 0
1711607025891 0.846887528580762 0
1711607025892 0.8456412494975577 0
