1711607600690 16064.8608170314 0
1711607600691 14511.043039728787 0
1711607600692 13108.43159483684 0
1711607600693 11840.090158473504 0
1711607600694 10695.230099958413 0
1711607600695 9659.410979962408 0
1711607600696 8869.932080694693 0
1711607600697 8008.880663509895 0
1711607600698 7231.506644253212 0
1711607600699 6528.860031068158 0
1711607600700 5907.005195721023 0
1711607600701 5334.9202494204565 0
1711607600702 4822.011487720719 0
1711607600703 4362.4606205967375 0
1711607600704 3944.699294079919 0
1711607600705 3562.2323537581797 0
1711607600706 3217.517959263984 0
1711607600706 2913.9141437711737 0
1711607600707 2631.2778902412574 0
1711607600708 2375.8155955291327 0
1711607600709 2147.3563074013477 0
1711607600710 1944.2461932363997 0
1711607600711 1758.8702274358147 0
1711607600711 1589.670912544429 0
1711607600712 1436.433554119848 0
1711607600713 1300.7649363359483 0
1711607600714 1175.7532528758957 0
1711607600715 1061.854172513862 0
1711607600716 959.5951218941551 0
1711607600716 866.8581517120482 0
1711607600717 783.0409152082033 0
1711607600718 708.9107106372146 0
1711607600719 640.3334957048202 0
1711607600720 578.8696008283356 0
1711607600720 524.4809270302021 0
1711607600721 474.2067527826405 0
1711607600722 428.5103204816512 0
1711607600723 387.2029905657788 0
1711607600724 349.8892837435511 0
1711607600725 316.19192910904485 0
1711607600725 285.9074909748098 0
1711607600726 258.45511370657266 0
1711607600727 233.63398932970762 0
1711607600728 211.46573146974484 0
1711607600729 191.23952842487614 0
1711607600729 172.9922955730592 0
1711607600730 156.68663570994812 0
1711607600731 141.81752331952552 0
1711607600732 128.3471303479278 0
1711607600733 116.13104758902598 0
1711607600734 105.21357515015268 0
1711607600735 95.70046848511025 0
1711607600736 86.65659854500963 0
1711607600736 78.4647118037256 0
1711607600737 71.07914389200498 0
1711607600738 64.63524626529119 0
1711607600739 58.64799682223806 0
1711607600740 53.173018721994026 0
1711607600740 48.220033206543015 0
1711607600741 43.81758097637776 0
1711607600742 39.784494098990486 0
1711607600743 36.17300184060504 0
1711607600744 32.90701077842497 0
1711607600745 30.000653803290664 0
1711607600745 27.291437797124736 0
1711607600746 24.83021236118886 0
1711607600747 22.601338952805328 0
1711607600748 20.58934699305175 0
1711607600749 18.767449894166703 0
1711607600750 17.121594042179662 0
1711607600750 15.71385987531174 0
1711607600752 14.376180303751081 0
1711607600753 13.16688337769943 0
1711607600754 12.058390068895436 0
1711607600755 11.05859256821062 0
1711607600756 10.15310483624415 0
1711607600757 9.327877568411045 0
1711607600758 8.590017865232506 0
1711607600759 7.921465451752017 0
1711607600759 7.303044657354574 0
1711607600760 6.754904485388147 0
1711607600762 6.244159053781296 0
1711607600762 5.788949574712886 0
1711607600763 5.3740375246852565 0
1711607600764 4.994693296443889 0
1711607600765 4.648073519420513 0
1711607600766 4.332571634029049 0
1711607600767 4.050413754229223 0
1711607600767 3.7968493614721788 0
1711607600768 3.5834142901947192 0
1711607600769 3.3659530243073337 0
1711607600770 3.1805461467111575 0
1711607600771 3.0066640679257968 0
1711607600772 2.849738930291224 0
1711607600772 2.7094247927941555 0
1711607600773 2.582013409333696 0
1711607600774 2.4660750399340876 0
1711607600775 2.352283482737743 0
1711607600776 2.2491243480000653 0
1711607600776 2.161135553403964 0
