1711606885200 17426.90775066397 0
1711606885201 17086.95422407337 0
1711606885202 16798.042577822718 0
1711606885203 16541.37820196274 0
1711606885204 16258.372195041033 0
1711606885205 15970.719526145163 0
1711606885206 15663.168727483913 0
1711606885207 15366.052291321179 0
1711606885209 15070.352995435693 0
1711606885210 14793.990998051646 0
1711606885211 14510.32951723768 0
1711606885212 14237.226218092655 0
1711606885213 13975.12397051242 0
1711606885214 13757.942863962262 0
1711606885216 13489.90102960995 0
1711606885217 13230.123387395253 0
1711606885218 12986.380412933238 0
1711606885219 12747.44443210694 0
1711606885220 12521.086208123344 0
1711606885221 12280.629918461455 0
1711606885222 12048.051620997308 0
1711606885223 11820.064147084084 0
1711606885224 11589.741316081272 0
1711606885225 11370.479176998098 0
1711606885226 11148.958747078748 0
1711606885227 10940.007494951138 0
1711606885228 10736.068503667957 0
1711606885229 10534.308608660367 0
1711606885230 10343.914972195544 0
1711606885231 10145.242770096329 0
1711606885232 9950.75765678763 0
1711606885233 9791.670624771466 0
1711606885234 9604.083577569445 0
1711606885235 9424.220907695739 0
1711606885236 9246.81673545731 0
1711606885237 9076.120790306222 0
1711606885238 8909.048405949688 0
1711606885239 8747.71229618139 0
1711606885240 8600.910088945004 0
1711606885241 8440.580102927137 0
1711606885242 8276.188819282279 0
1711606885243 8133.804581411255 0
1711606885244 7978.431213113195 0
1711606885245 7827.513012700476 0
1711606885246 7677.165671037231 0
1711606885247 7532.586097854941 0
1711606885248 7412.961317216293 0
1711606885249 7295.7105682011315 0
1711606885250 7170.607900196506 0
1711606885250 7048.699440998562 0
1711606885251 6911.538720633613 0
1711606885252 6778.906753144744 0
1711606885252 6704.201167558421 0
1711606885253 6573.881336250919 0
1711606885254 6449.431730190829 0
1711606885254 6327.286250404026 0
1711606885255 6222.415652886987 0
1711606885256 6116.704350273497 0
1711606885257 6002.343765880798 0
1711606885257 5893.106089187645 0
1711606885258 5778.68268945546 0
1711606885259 5683.360600460889 0
1711606885259 5574.923137525019 0
1711606885260 5471.626950849156 0
1711606885260 5366.94078732011 0
1711606885261 5268.376030438226 0
1711606885262 5166.194601751867 0
1711606885262 5067.228021047053 0
1711606885263 4968.81695703809 0
1711606885264 4878.569707326725 0
1711606885264 4792.002119588447 0
1711606885265 4717.033189030275 0
1711606885266 4639.694234214814 0
1711606885266 4559.983955658868 0
1711606885267 4485.314309766396 0
1711606885268 4402.263402649566 0
1711606885269 4320.394283761056 0
1711606885269 4236.64254359423 0
1711606885270 4156.826859066456 0
1711606885271 4081.655352643222 0
1711606885272 4005.9911498200736 0
1711606885272 3933.138871518401 0
1711606885273 3870.8954402467684 0
1711606885274 3797.8504950991132 0
1711606885274 3729.3234660991607 0
1711606885275 3659.2259658631206 0
1711606885276 3594.477485516608 0
1711606885276 3541.517003298787 0
1711606885277 3472.938450754898 0
1711606885277 3406.3416368571316 0
1711606885278 3349.046548319972 0
1711606885279 3288.8446160482113 0
1711606885279 3256.8478775629223 0
1711606885280 3197.377524353234 0
1711606885281 3136.7466271295484 0
1711606885281 3078.827983365723 0
1711606885282 3022.5097495646596 0
1711606885283 2968.2640249501283 0
1711606885283 2912.1087793388574 0
1711606885284 2857.0731417159404 0
