1711606898533 17426.162637819652 0
1711606898533 17115.650929940763 0
1711606898534 16787.07189112833 0
1711606898535 16459.55765020623 0
1711606898536 16140.260115859497 0
1711606898537 15822.4891393141 0
1711606898538 15549.00106948934 0
1711606898538 15257.822700627577 0
1711606898539 14959.028412855536 0
1711606898540 14666.466278334903 0
1711606898541 14382.603554970066 0
1711606898541 14099.379483305378 0
1711606898542 13822.694531373201 0
1711606898543 13552.785809949135 0
1711606898544 13284.990833361842 0
1711606898544 13024.280062658545 0
1711606898545 12770.78534840254 0
1711606898546 12519.93219532362 0
1711606898547 12279.611804095824 0
1711606898547 12037.593648397598 0
1711606898548 11805.958436352093 0
1711606898549 11572.26769444215 0
1711606898549 11349.289070693023 0
1711606898550 11135.88610500167 0
1711606898551 10916.9745213044 0
1711606898552 10709.820185900966 0
1711606898552 10498.272257695813 0
1711606898553 10300.323631008718 0
1711606898554 10097.434704005287 0
1711606898554 9903.739669857312 0
1711606898555 9707.948540308133 0
1711606898556 9520.431488117278 0
1711606898557 9332.950933274835 0
1711606898557 9150.026616538404 0
1711606898558 8974.686230116597 0
1711606898559 8833.020161878709 0
1711606898560 8666.576960344913 0
1711606898560 8496.334884222517 0
1711606898561 8329.681530439548 0
1711606898562 8166.945494102219 0
1711606898562 8012.957804725935 0
1711606898563 7856.60134562149 0
1711606898564 7730.08545341691 0
1711606898565 7578.952683255593 0
1711606898565 7432.276041289022 0
1711606898566 7286.407690638195 0
1711606898567 7143.508543738375 0
1711606898568 7004.232777597857 0
1711606898568 6867.123389050199 0
1711606898569 6734.971636051031 0
1711606898570 6602.090081573041 0
1711606898570 6477.202019212913 0
1711606898571 6350.638595171996 0
1711606898572 6259.113175863832 0
1711606898573 6141.8762989605475 0
1711606898573 6022.038281981944 0
1711606898574 5904.922317956437 0
1711606898575 5789.264580963943 0
1711606898576 5677.3967739075115 0
1711606898576 5569.048801558434 0
1711606898577 5459.254724352437 0
1711606898578 5361.020000190459 0
1711606898578 5263.529772977004 0
1711606898579 5160.015714748741 0
1711606898580 5058.097694021168 0
1711606898581 4960.568685861253 0
1711606898581 4863.075308698948 0
1711606898582 4768.042085648699 0
1711606898583 4674.306900525289 0
1711606898584 4583.554164669948 0
1711606898584 4493.1815541032565 0
1711606898585 4408.116730093558 0
1711606898586 4321.741453519624 0
1711606898586 4236.600493327264 0
1711606898587 4153.724849256071 0
1711606898588 4080.284956462202 0
1711606898589 4002.1289097747645 0
1711606898589 3925.0954274608107 0
1711606898590 3848.234921055545 0
1711606898591 3772.4575654037562 0
1711606898592 3702.0428442416537 0
1711606898592 3630.615924572735 0
1711606898594 3560.033262332386 0
1711606898595 3497.7970132611895 0
1711606898596 3431.7392888528034 0
1711606898597 3368.718163679243 0
1711606898599 3312.263286591407 0
1711606898600 3273.83032528496 0
1711606898601 3209.4762988741604 0
1711606898603 3151.5931250651847 0
1711606898604 3089.717776703404 0
1711606898606 3029.2871694065234 0
1711606898607 2970.0825812112066 0
1711606898608 2911.7249337018034 0
1711606898609 2855.2764959343267 0
1711606898611 2799.222197414181 0
1711606898612 2744.562357743473 0
1711606898613 2691.991728549547 0
1711606898615 2639.028114050927 0
1711606898616 2589.7936735512976 0
